Version 0.9.7
6
 4 10 175 77 128 0 1
 5 100 400 206 81 2 2
 0 255 203 877 276 8 3
 6 119 15 449 130 140 4
 1 343 574 206 81 173 5
 3 352 675 203 58 183 8
 0
37
 16711680 5 358 643 358 643 358 643 71 643 71 288 71 288 0 5 0 1
 16711680 5 358 585 358 585 115 585 115 228 71 228 71 228 0 5 0 1
 16711680 5 135 42 135 42 135 42 71 42 71 189 71 189 0 4 0 1
 16711680 5 555 308 555 308 555 312 92 312 92 215 71 215 0 3 0 1
 255 5 568 308 568 308 568 150 533 150 533 138 533 138 0 3 0 4
 255 5 581 308 581 308 581 157 546 157 546 138 546 138 0 3 0 4
 255 5 594 308 594 308 594 164 468 164 468 138 468 138 0 3 0 4
 255 5 607 308 607 308 607 171 481 171 481 138 481 138 0 3 0 4
 255 5 620 308 620 308 620 178 494 178 494 138 494 138 0 3 0 4
 255 5 633 308 633 308 633 185 507 185 507 138 507 138 0 3 0 4
 255 5 646 308 646 308 646 192 520 192 520 138 520 138 0 3 0 4
 8421376 5 490 308 490 308 490 352 633 352 633 373 633 373 0 3 0 3
 8421376 5 464 373 464 373 464 348 555 348 555 373 555 373 0 3 0 3
 8421376 5 412 373 412 373 412 335 568 335 568 373 568 373 0 3 0 3
 8421376 5 412 308 412 308 412 330 624 330 624 373 620 373 0 3 0 3
 65280 5 399 585 399 585 393 585 393 412 399 412 399 412 0 5 0 3
 65280 5 418 585 418 585 418 585 418 412 425 412 425 412 0 5 0 3
 65280 5 437 585 437 585 437 509 499 509 499 412 490 412 0 5 0 3
 16744703 5 532 611 532 621 642 621 642 799 538 799 538 719 0 5 0 8
 16744703 5 513 611 513 619 630 619 630 792 518 792 518 719 0 5 0 8
 16744703 5 494 611 494 617 618 617 618 783 498 783 498 719 0 5 0 8
 16744703 5 475 611 475 615 607 615 607 775 478 775 478 719 0 5 0 8
 16744703 5 456 611 456 613 595 613 595 766 458 766 458 719 0 5 0 8
 16744703 5 437 611 437 611 582 611 582 757 438 757 438 719 0 5 0 8
 16744703 5 418 611 418 609 569 609 569 748 418 748 418 719 0 5 0 8
 16744703 5 399 611 399 607 559 607 559 739 398 739 398 719 0 5 0 8
 16776960 5 532 585 532 585 532 526 459 526 459 269 464 269 0 5 0 3
 16776960 5 513 585 513 585 513 517 471 517 471 412 477 412 0 5 0 3
 16776960 5 494 585 494 585 494 535 432 535 432 412 438 412 0 5 0 3
 16776960 5 475 585 475 585 475 541 406 541 406 269 399 269 0 5 0 3
 16711680 5 363 712 363 712 83 712 83 275 71 275 71 275 0 8 0 1
 16711680 5 451 308 451 308 444 308 444 230 451 230 451 230 0 3 0 3
 16711680 5 71 249 71 249 130 249 130 230 308 230 308 230 0 1 0 3
 16711680 5 438 308 438 308 432 308 432 230 438 230 438 230 0 3 0 3
 16711680 5 646 373 646 373 654 373 654 230 659 230 659 230 0 3 0 3
 16711680 5 451 373 451 373 122 373 122 202 71 202 71 202 0 3 0 1
 65280 5 456 585 456 585 456 274 477 274 477 269 477 269 0 5 0 3
2
 7083 1 16 393 321 5 0 1967663948 1965386255 3
 7047 1 16 549 321 5 0 1967663948 1965386255 3
