Version 0.9.7
7
 4 15 242 77 128 0 1
 5 80 400 206 81 2 2
 0 223 166 877 276 8 3
 1 288 41 206 81 140 4
 1 554 36 206 81 150 5
 1 859 41 206 81 160 6
 3 445 506 203 58 170 7
 0
27
 0 5 76 355 76 355 76 414 76 414 276 414 276 414 0 1 0 3
 255 5 76 256 76 256 76 180 76 180 276 180 276 180 0 1 0 3
 0 5 303 110 303 136 1127 136 1127 405 302 405 302 414 0 4 0 3
 0 5 569 105 569 136 1127 136 1127 405 575 405 575 414 0 5 0 3
 0 5 874 110 874 136 1126 136 1126 405 874 405 874 414 0 6 0 3
 255 5 303 52 303 52 288 52 288 180 289 180 289 180 0 4 0 3
 255 5 569 47 569 47 570 47 562 47 562 180 562 180 0 5 0 3
 255 5 874 52 874 52 874 52 861 52 861 180 861 180 0 6 0 3
 255 5 497 271 497 271 491 271 491 180 497 180 497 180 0 3 0 3
 0 5 640 336 640 336 635 336 635 414 640 414 640 414 0 3 0 3
 16776960 5 401 78 353 78 353 329 510 329 510 336 510 336 0 4 0 3
 16711680 5 667 73 766 73 766 329 497 329 497 336 497 336 0 5 0 3
 16776960 5 382 78 353 78 353 265 510 265 510 271 510 271 0 4 0 3
 16776960 5 363 78 353 78 353 265 536 265 536 271 536 271 0 4 0 3
 16776960 5 344 78 353 78 353 265 562 265 562 271 562 271 0 4 0 3
 16711680 5 648 73 765 73 765 265 523 265 523 271 523 271 0 5 0 3
 16711680 5 629 73 765 73 765 265 549 265 549 271 549 271 0 5 0 3
 16711680 5 610 73 766 73 766 265 575 265 575 271 575 271 0 5 0 3
 65535 5 523 336 523 336 523 329 842 329 842 78 915 78 0 3 0 6
 65535 5 536 336 536 336 536 329 842 329 842 78 934 78 0 3 0 6
 65535 5 549 336 549 336 549 329 842 329 842 78 953 78 0 3 0 6
 65535 5 562 336 562 336 562 329 842 329 842 78 972 78 0 3 0 6
 65280 5 640 271 640 271 674 271 674 580 571 580 571 550 0 3 0 7
 65280 5 627 336 627 336 674 336 674 569 591 569 591 550 0 3 0 7
 65280 5 614 336 614 336 674 336 674 559 611 559 611 550 0 3 0 7
 65280 5 601 336 601 336 674 336 674 550 631 550 631 550 0 3 0 7
 65793 5 456 543 456 543 458 543 458 543 458 414 458 414 0 7 0 3
1
 7181 1 24 491 284 5 0 11803584 0 3
