Version 0.9.7
5
 4 10 175 77 128 0 1
 5 100 400 206 81 2 2
 0 198 167 877 276 8 3
 3 174 66 203 58 140 4
 1 129 481 206 81 192 7
 0
9
 16711680 5 71 288 71 288 71 288 71 550 144 550 144 550 0 1 0 7
 16711680 5 144 492 144 492 144 228 144 228 71 228 71 228 0 7 0 1
 16711680 5 185 103 185 103 185 103 185 262 71 262 71 262 0 4 0 1
 16711680 5 185 492 185 492 185 376 185 376 316 376 316 376 0 7 0 3
 16711680 5 204 492 204 492 204 447 329 447 329 376 329 376 0 7 0 3
 16711680 5 316 272 316 272 316 215 316 215 71 215 71 215 0 3 0 1
 16711680 5 342 337 342 337 342 110 342 110 340 110 340 110 0 3 0 4
 16711680 5 223 492 223 492 223 110 223 110 220 110 220 110 0 7 0 4
 16711680 5 394 337 394 337 394 290 110 290 110 275 71 275 0 3 0 1
1
 7086 1 14 310 285 5 0 1967663948 1965386255 3
