Version 0.9.7
5
 4 10 175 77 128 0 1
 5 80 400 206 81 2 2
 0 237 172 877 276 8 3
 1 271 532 206 81 140 4
 3 273 49 203 58 150 5
 0
8
 16711680 5 286 543 286 543 159 543 159 228 71 228 71 228 0 4 0 1
 16711680 5 286 601 286 601 286 601 71 601 71 288 71 288 0 4 0 1
 16711680 5 327 543 327 543 327 469 459 469 459 381 459 381 0 4 0 3
 16711680 5 346 543 346 543 346 458 472 458 472 381 472 381 0 4 0 3
 16711680 5 439 93 439 93 441 93 441 149 485 149 485 342 0 5 0 3
 16711680 5 284 86 284 86 124 86 124 275 71 275 71 275 0 5 0 1
 16711680 5 459 277 459 277 174 277 174 215 71 215 71 215 0 3 0 1
 16711680 5 537 342 537 342 537 352 115 352 115 249 71 249 0 3 0 1
1
 7086 1 14 453 290 5 0 1967663948 1965386255 3
