Version 0.9.7
5
 4 10 175 77 128 0 1
 5 23 402 206 81 2 2
 0 192 144 877 276 8 3
 3 534 472 203 58 140 4
 1 266 485 206 81 149 5
 0
24
 255 5 71 228 71 228 118 228 118 496 281 496 281 496 0 1 0 5
 0 5 71 288 71 288 71 554 71 554 281 554 281 554 0 1 0 5
 0 5 71 262 71 262 168 262 168 171 245 171 245 171 0 1 0 3
 65280 5 322 496 322 496 322 479 357 479 357 249 362 249 0 5 0 3
 8421376 5 341 496 341 496 343 496 343 249 349 249 349 249 0 5 0 3
 8421504 5 323 314 323 314 323 429 743 429 743 516 720 516 0 3 0 4
 255 5 71 202 71 202 153 202 153 158 245 158 245 158 0 1 0 3
 255 5 271 249 271 249 266 249 266 158 271 158 271 158 0 3 0 3
 255 5 310 249 310 248 306 248 306 158 310 158 310 158 0 3 0 3
 255 5 401 249 401 249 396 249 396 158 401 158 401 158 0 3 0 3
 255 5 271 314 271 314 278 314 278 158 284 158 284 158 0 3 0 3
 0 5 310 314 310 314 304 314 304 171 310 171 310 171 0 3 0 3
 0 5 349 314 349 314 345 314 345 171 349 171 349 171 0 3 0 3
 0 5 362 314 362 314 368 314 368 171 362 171 362 171 0 3 0 3
 0 5 323 249 323 249 318 249 318 171 323 171 323 171 0 3 0 3
 0 5 545 509 545 509 539 509 539 171 544 171 544 171 0 4 0 3
 16711680 5 284 249 284 249 293 249 293 392 297 392 297 392 0 3 0 3
 16711680 5 297 249 297 249 302 249 302 392 310 392 310 392 0 3 0 3
 16711680 5 284 314 284 314 279 314 279 392 284 392 284 392 0 3 0 3
 4194304 5 436 496 436 496 436 461 331 461 331 249 336 249 0 5 0 3
 16711680 5 455 496 455 496 455 450 401 450 401 314 401 314 0 5 0 3
 16711680 5 455 509 450 509 450 455 245 455 245 392 245 392 0 5 0 3
 8421440 5 414 314 414 314 414 308 297 308 297 314 297 314 0 3 0 3
 0 5 479 314 479 314 486 314 486 171 479 171 479 171 0 3 0 3
2
 7151 1 16 265 262 5 0 1967663948 1965386255 3
 7004 1 14 395 262 5 0 1967663948 1965386255 3
