14197	
38474	
25122	
885	
12013	
7171	
23965	
15717	
37192	
17730	
10852	
35504	
28531	
26088	
19124	
13831	
26827	
2742	
39233	
16892	
6101	
7080	
3120	
16989	
29954	
15988	
23350	
21162	
15485	
25398	
17845	
32172	
27093	
28929	
26661	
14480	
6227	
39214	
27357	
32116	
21570	
16153	
25120	
23417	
13605	
12442	
5595	
25295	
30603	
32967	
4261	
4510	
14255	
18846	
389	
29405	
29604	
39944	
26417	
27599	
6678	
29432	
33911	
32445	
10616	
28659	
32190	
16015	
38074	
20586	
16323	
15563	
862	
2125	
28562	
23718	
338	
12498	
16614	
32670	
5541	
7544	
17999	
24936	
32009	
33670	
27573	
12876	
5454	
31657	
37347	
23218	
29844	
25592	
19853	
30360	
22679	
10221	
8946	
24173	
33150	
24916	
37948	
6200	
37260	
39748	
34100	
1051	
18091	
26694	
12104	
39365	
26151	
103	
7630	
3961	
10804	
27400	
17452	
27246	
15451	
23573	
37569	
15563	
11723	
402	
11680	
15869	
18017	
31718	
27865	
24668	
12096	
9211	
17732	
22050	
1723	
29631	
15303	
22157	
32620	
7467	
1943	
10676	
13100	
13029	
21450	
17001	
25680	
18891	
26787	
7923	
4431	
36608	
26619	
845	
22738	
24596	
1432	
37277	
31699	
10656	
1676	
36552	
26781	
29459	
14249	
17491	
3055	
28333	
1336	
8161	
37996	
27002	
36835	
38750	
27473	
6360	
7785	
20469	
6053	
38649	
5630	
17227	
17548	
13990	
23687	
32956	
33831	
1252	
11977	
10966	
6661	
2444	
38144	
27054	
11618	
7646	
2294	
9362	
4760	
4236	
10927	
37138	
7505	
26227	
35390	
10069	
33940	
24326	
17028	
29537	
38601	
31574	
25218	
26354	
4004	
15648	
24304	
13722	
29225	
11856	
31498	
19820	
9211	
35136	
9023	
8681	
25708	
19343	
24778	
11533	
18838	
22064	
11110	
20528	
6109	
32872	
24432	
4675	
4961	
27153	
32619	
38876	
26991	
3545	
20423	
3481	
14157	
29691	
26766	
4480	
29262	
36851	
25127	
27020	
27719	
9839	
25972	
17040	
33470	
33773	
2998	
31443	
7631	
19977	
32839	
8842	
9342	
20150	
24182	
13268	
9240	
17571	
30157	
35854	
34559	
32976	
14	
27311	
5388	
10019	
31337	
3041	
26635	
22050	
39240	
11473	
28750	
1610	
27673	
3496	
4968	
23866	
731	
38399	
37783	
20649	
24161	
26361	
23818	
22618	
16171	
18126	
33196	
19966	
30256	
3446	
8828	
39457	
6850	
5944	
6594	
13831	
4810	
26178	
38306	
8063	
15560	
26871	
23054	
32569	
25758	
5331	
36811	
12694	
36896	
23946	
21937	
5947	
33593	
13874	
13959	
18976	
30817	
25649	
26318	
39334	
34996	
34437	
39267	
33083	
34167	
17177	
16023	
8123	
17072	
37097	
35874	
6630	
28363	
17308	
13143	
6161	
33080	
27332	
3964	
36405	
3312	
37699	
29583	
27844	
32142	
38187	
2363	
2138	
20983	
9030	
21356	
35051	
13470	
10996	
38841	
7837	
2358	
14244	
13367	
4780	
37867	
579	
16799	
11635	
11720	
37184	
39808	
4967	
26531	
9431	
17025	
729	
33267	
25941	
32836	
2125	
22144	
31029	
3940	
1002	
28374	
6956	
35543	
35829	
1435	
29393	
20589	
13168	
14331	
39962	
17936	
881	
16441	
14405	
7322	
28258	
1891	
863	
2240	
21573	
25641	
6123	
33646	
31810	
21348	
10143	
14775	
2567	
29449	
27923	
30758	
27269	
24862	
19615	
7748	
14610	
18642	
16216	
19738	
14878	
26401	
16154	
22850	
1672	
6427	
3845	
24477	
22117	
16343	
17912	
11969	
13223	
15332	
39031	
16164	
31523	
7925	
1647	
630	
14626	
34422	
60	
1439	
3892	
33909	
9289	
9134	
34819	
16636	
22692	
5974	
3736	
18728	
24020	
11163	
24050	
11508	
15720	
17421	
9520	
11271	
8991	
15078	
18961	
16989	
33010	
31637	
20051	
518	
36788	
20080	
25056	
7885	
4901	
1863	
24135	
14115	
22513	
19674	
28954	
24930	
1057	
22715	
39107	
14067	
7974	
26343	
20379	
521	
14822	
39750	
27627	
4978	
35883	
14490	
38511	
29468	
28086	
18534	
33578	
16248	
551	
4993	
34141	
33914	
29958	
36112	
30251	
37413	
26564	
2132	
347	
19117	
38624	
34503	
38568	
19068	
13874	
24683	
1304	
28282	
38618	
38113	
30892	
32968	
3563	
36904	
22460	
14267	
32625	
2982	
35982	
11279	
20211	
8640	
4161	
12452	
2203	
16179	
8572	
5487	
20899	
26651	
6362	
10216	
10753	
21038	
2884	
4050	
13414	
34735	
19663	
28147	
1834	
4687	
17942	
3942	
2293	
13774	
20120	
29686	
36552	
17282	
36047	
30443	
1819	
1487	
36333	
12119	
5016	
21248	
22489	
3900	
8924	
24244	
30045	
34207	
91	
45	
3040	
37864	
9506	
25498	
26902	
1196	
23349	
14040	
12831	
1234	
8675	
31168	
31130	
14472	
30582	
29418	
16567	
29521	
81	
15311	
3867	
27490	
1174	
38431	
34639	
24719	
691	
1136	
27410	
14898	
8046	
17837	
34054	
34574	
22099	
35332	
37943	
5843	
21626	
19501	
34744	
9275	
30609	
22210	
31994	
18348	
3535	
5404	
28475	
38176	
2295	
12586	
2647	
16445	
24434	
21191	
13672	
3016	
37350	
19950	
39298	
37848	
16041	
15021	
28948	
16413	
24142	
3074	
30792	
10947	
5097	
34711	
31325	
28196	
31652	
25634	
5569	
10783	
120	
10464	
7147	
33907	
21972	
20187	
23449	
27633	
34710	
6258	
12120	
19442	
18035	
12355	
16307	
39411	
35473	
27248	
20919	
31062	
12295	
32004	
771	
19851	
20186	
5039	
14765	
13731	
17925	
26933	
24413	
9274	
11039	
2721	
33268	
30060	
26769	
22728	
8372	
14377	
16219	
15497	
14250	
5065	
39925	
8020	
17925	
6047	
7551	
31970	
4271	
2976	
25223	
31717	
811	
37178	
12437	
9801	
5406	
34577	
6190	
20897	
22454	
27321	
14387	
19768	
19917	
11339	
36423	
30582	
24915	
15190	
39079	
27039	
13830	
38675	
21925	
34653	
28561	
27667	
10402	
32603	
6623	
18759	
12603	
3937	
9328	
5536	
3722	
16932	
6625	
4092	
18057	
2754	
37482	
29630	
17677	
12501	
34858	
35242	
28778	
19610	
19378	
5921	
24038	
8974	
38888	
2303	
26751	
13483	
31578	
39084	
16706	
4756	
23714	
16541	
37479	
8412	
36992	
912	
37665	
26760	
20573	
9847	
25913	
38044	
20766	
10375	
32776	
4346	
36258	
17798	
36860	
24866	
31293	
38849	
26844	
10591	
34234	
32989	
16172	
23158	
35411	
16102	
14176	
37691	
35188	
11793	
32995	
19149	
7365	
13214	
13111	
4074	
9853	
5502	
10589	
24815	
20465	
20497	
12556	
15171	
20784	
35454	
4190	
33989	
31287	
20560	
37720	
29449	
37707	
7651	
18573	
7000	
35482	
8508	
10502	
17888	
4254	
18189	
28868	
6534	
36530	
9540	
39304	
26163	
5915	
3933	
29839	
12816	
8483	
32808	
5848	
35762	
27411	
37977	
9896	
38366	
33088	
23522	
6332	
20050	
14461	
38235	
28122	
26790	
32801	
7486	
5034	
34052	
24758	
28495	
18922	
2372	
30672	
8429	
29332	
30858	
20098	
30578	
7647	
21371	
8712	
18294	
35319	
3645	
26502	
12143	
20097	
23880	
20479	
6723	
11466	
8864	
24663	
2565	
28143	
36175	
5635	
2091	
34034	
8373	
25446	
32030	
3745	
28377	
32580	
12842	
12197	
25646	
32129	
16144	
31388	
17586	
34672	
4525	
11127	
278	
21881	
31604	
9362	
14031	
17823	
3881	
14725	
37545	
11280	
11856	
9409	
17691	
766	
22814	
13081	
24151	
14015	
9245	
29071	
29837	
16966	
4777	
13773	
12934	
8330	
34346	
7678	
8307	
1194	
11683	
11672	
20279	
19183	
1955	
25192	
39766	
19548	
30763	
20665	
3350	
711	
7354	
21142	
7179	
37787	
1240	
23672	
18586	
25774	
26256	
27545	
39121	
15614	
32385	
15701	
2700	
21911	
36941	
29614	
2234	
23160	
22460	
24822	
3978	
1088	
6816	
27511	
39682	
31024	
7967	
34310	
5275	
17606	
37296	
31160	
2097	
16499	
3918	
12325	
39585	
39007	
2846	
5646	
39372	
21800	
7280	
17487	
10398	
15537	
20262	
3302	
8704	
20679	
28725	
21292	
22038	
34621	
38585	
1828	
30745	
4093	
38906	
28670	
24144	
8079	
4939	
5720	
29099	
6196	
6052	
31774	
6512	
19501	
18820	
5362	
8219	
14487	
38737	
39991	
7373	
1896	
39369	
21489	
26708	
25299	
14890	
7124	
29278	
8494	
6733	
20726	
25527	
31328	
907	
16241	
36309	
19225	
13824	
13481	
36910	
591	
5942	
18890	
11247	
10776	
25913	
28488	
19245	
29443	
17239	
10921	
38072	
4079	
28663	
24571	
13451	
3530	
12690	
3958	
29053	
17338	
11684	
4587	
18410	
30364	
9112	
20114	
22719	
7013	
33911	
5875	
12969	
462	
30487	
29229	
30594	
6084	
39939	
9932	
15018	
20979	
1533	
2854	
34789	
6362	
29816	
28759	
26664	
33783	
30408	
36270	
2283	
23173	
16763	
8144	
27515	
19568	
30854	
5762	
3950	
18105	
8074	
12031	
29848	
19761	
31296	
30033	
465	
37344	
32689	
19818	
10574	
21105	
27411	
34073	
32165	
12050	
15700	
7415	
26117	
32329	
8370	
34720	
22813	
303	
25085	
39906	
10437	
20079	
4834	
11378	
9859	
10125	
28103	
6582	
24892	
16591	
37734	
17661	
21625	
32011	
25582	
4185	
16216	
9770	
39759	
39176	
16745	
38309	
28429	
39557	
6130	
32542	
34405	
16426	
16090	
24091	
24989	
28066	
32143	
4015	
19553	
4786	
18280	
14742	
22938	
4494	
8156	
29334	
39498	
3445	
6644	
37049	
30991	
2181	
35813	
16479	
21071	
13603	
31030	
22541	
3583	
9531	
9296	
27293	
18634	
34567	
32519	
38665	
34890	
8349	
37354	
35463	
4368	
17779	
34706	
29900	
36218	
29420	
7851	
14438	
28122	
39391	
38471	
15438	
17466	
16165	
29895	
34868	
35762	
31093	
32437	
6472	
9752	
1240	
8483	
19720	
19868	
20403	
25365	
34724	
36343	
6452	
32638	
27153	
2825	
12144	
10168	
24379	
2066	
16050	
20706	
31157	
1629	
3456	
32256	
15327	
4111	
20555	
37936	
39002	
9329	
709	
11901	
37005	
20205	
23982	
37414	
223	
36825	
27653	
6103	
12839	
24251	
36754	
27851	
25755	
15872	
13379	
38331	
2905	
34950	
30900	
10078	
34640	
19096	
22952	
4635	
15629	
16522	
23342	
14453	
20807	
3866	
37871	
25685	
17922	
21153	
10906	
3851	
4491	
39526	
1996	
35276	
31126	
36404	
4431	
19017	
11214	
21094	
18569	
23912	
23733	
18006	
3855	
8299	
33437	
11034	
36332	
765	
11072	
38477	
21777	
2743	
11144	
3886	
112	
38655	
29878	
39243	
3924	
19115	
30101	
4852	
15777	
37548	
4678	
38461	
914	
24600	
29800	
38361	
38753	
2477	
13210	
38798	
2849	
35823	
15619	
9777	
38750	
39014	
22374	
4831	
18928	
30257	
10525	
25463	
35854	
32432	
12064	
32356	
18485	
24824	
35324	
3017	
36286	
31365	
6171	
37663	
11419	
37569	
16565	
38389	
6097	
4501	
34615	
29867	
2983	
28596	
6451	
5619	
11188	
24157	
8410	
31767	
23772	
20622	
12611	
33322	
29466	
2871	
20692	
25144	
19723	
2225	
35490	
38144	
31304	
14486	
36797	
5101	
27571	
22962	
31767	
4518	
7913	
6867	
11445	
2570	
39168	
6548	
21808	
7762	
24219	
11191	
31446	
4846	
7001	
33409	
14297	
38856	
13103	
21126	
14836	
38936	
23519	
33068	
35262	
21983	
364	
37811	
3945	
3415	
33080	
17894	
8986	
16646	
38867	
19063	
11013	
25670	
17065	
26155	
13745	
20639	
39023	
19788	
32075	
31974	
503	
12128	
621	
33431	
33317	
25540	
11072	
18928	
15613	
39024	
19350	
34031	
30828	
20710	
7561	
1177	
32786	
11961	
18753	
36075	
10634	
18063	
880	
18323	
4380	
36122	
38342	
27568	
7988	
32761	
29186	
31441	
30855	
10595	
18421	
12783	
38014	
32825	
14372	
1503	
13625	
29904	
10215	
29743	
33355	
14743	
38063	
38459	
24493	
24220	
35800	
26836	
13926	
22030	
38858	
2503	
26150	
11341	
18661	
28961	
2882	
12718	
7532	
31709	
35200	
12453	
4110	
29297	
17830	
16324	
20948	
8305	
31033	
16572	
7661	
18963	
197	
22788	
19096	
32736	
15488	
29671	
25231	
25599	
9525	
37542	
19494	
30305	
18012	
6418	
9732	
36861	
8204	
31502	
11181	
11725	
38926	
13316	
6064	
9245	
11284	
4591	
13314	
10733	
22602	
27532	
27967	
1810	
12495	
35193	
29185	
21936	
487	
16529	
38853	
20025	
16249	
37097	
22703	
35313	
25014	
24399	
37799	
24231	
28670	
7659	
16148	
7603	
1939	
20217	
24485	
25824	
17084	
1932	
4633	
11345	
26871	
31202	
34755	
12024	
24811	
39436	
19595	
27098	
29626	
17270	
23025	
26609	
38586	
17087	
7295	
12762	
25754	
24639	
17899	
7291	
10287	
15799	
26648	
1489	
20831	
38660	
24861	
10218	
17796	
4303	
23675	
3428	
28705	
1782	
18568	
30061	
13780	
26622	
15824	
1801	
19620	
17917	
6826	
2985	
26723	
29447	
34429	
6700	
662	
22449	
32416	
22350	
7503	
17856	
8673	
37762	
6119	
30868	
33011	
14640	
24889	
11470	
12859	
29845	
13504	
8904	
21738	
14082	
26045	
37626	
24566	
17585	
23993	
38495	
31151	
32328	
36576	
23994	
22610	
35818	
5448	
9688	
24981	
22014	
26004	
32730	
20220	
14319	
6566	
35517	
38188	
26375	
16117	
28011	
24542	
20416	
15734	
20693	
39679	
39516	
17769	
4624	
37080	
4841	
33763	
12248	
13949	
16249	
23977	
37316	
18639	
36569	
1413	
25420	
13905	
37781	
37408	
30734	
19632	
5568	
7360	
18239	
29374	
28890	
20551	
13515	
20033	
6747	
13691	
20837	
11827	
20270	
6671	
37181	
24500	
33127	
34826	
30557	
33489	
13602	
34117	
36694	
19858	
37319	
10591	
37271	
9952	
36706	
7858	
35875	
39776	
34816	
32837	
37608	
724	
18326	
37589	
16153	
5817	
8301	
29461	
8667	
7480	
19459	
27488	
28628	
1153	
24656	
28444	
37938	
22740	
3338	
31962	
14476	
36164	
29366	
18998	
19599	
33674	
10637	
21355	
20201	
16608	
25050	
23912	
26261	
27145	
19713	
15190	
31550	
15080	
25580	
20969	
19843	
33234	
11611	
37651	
34909	
37225	
32016	
19101	
18931	
22867	
1470	
26065	
36092	
4910	
2563	
6243	
29251	
22929	
39743	
13958	
33413	
29981	
31713	
1074	
17771	
34618	
1683	
21395	
10937	
8891	
35628	
18790	
8086	
37920	
2533	
20466	
26285	
5380	
23321	
9978	
7956	
2469	
34737	
24226	
37995	
31844	
36999	
2306	
3426	
17605	
33593	
15734	
32422	
32794	
13933	
33844	
36764	
17294	
30101	
34143	
30898	
35751	
29032	
5972	
36620	
25591	
33846	
33688	
27214	
2321	
26721	
6443	
32918	
27297	
38775	
3725	
22892	
15094	
16451	
163	
21641	
37617	
16532	
23904	
22310	
34144	
10648	
10543	
27806	
28591	
24237	
7909	
37262	
266	
38334	
20424	
10651	
3271	
11284	
6914	
25685	
4960	
20645	
23206	
12191	
39385	
2786	
3499	
12407	
4667	
24403	
14038	
29648	
16130	
10223	
18594	
8907	
34717	
34488	
13545	
16548	
19599	
14208	
31475	
29414	
7192	
21975	
2003	
4401	
29982	
37594	
16636	
12768	
29896	
6821	
10985	
6404	
8093	
26008	
28783	
21087	
9663	
7233	
14018	
15621	
26432	
20938	
2820	
7566	
19401	
31633	
28886	
13854	
10869	
3609	
27349	
31060	
1400	
13104	
2506	
29747	
34610	
16937	
6502	
9348	
3503	
10487	
31720	
13069	
17521	
27927	
13155	
9618	
18225	
5534	
33900	
34266	
8424	
38321	
21025	
30102	
297	
4389	
32598	
27430	
29220	
15488	
633	
18965	
35343	
30255	
26356	
17790	
32228	
8005	
11280	
34603	
26888	
27589	
38107	
11030	
32613	
14585	
21344	
11662	
39475	
38294	
5509	
21790	
5965	
2715	
10842	
35925	
25496	
22782	
30694	
2166	
29236	
20565	
15682	
34342	
4076	
35578	
958	
5103	
22034	
16031	
12423	
4463	
3096	
8858	
23478	
7410	
33033	
21421	
9701	
15422	
35808	
29594	
18409	
16331	
11116	
38164	
27764	
8948	
16213	
15061	
33685	
12239	
24565	
37169	
39087	
5896	
23559	
11882	
33681	
17263	
14158	
11327	
27881	
91	
26225	
25405	
14929	
24339	
21115	
2036	
3415	
11445	
11582	
12728	
11082	
15729	
2610	
34242	
3797	
4971	
21185	
16588	
14593	
36489	
39910	
38164	
17207	
8387	
2154	
13867	
16672	
13897	
39641	
38922	
339	
12604	
3685	
28530	
23357	
416	
24317	
18964	
792	
2499	
37968	
23182	
12264	
8998	
29632	
27870	
19509	
29414	
14372	
21364	
9890	
22975	
12118	
22608	
2825	
39369	
31146	
21327	
11724	
36382	
20007	
26307	
25817	
13675	
33281	
13532	
5155	
21824	
6274	
4131	
28497	
156	
35216	
24407	
20189	
554	
3260	
24949	
38894	
26914	
18675	
4948	
32750	
7226	
29786	
18276	
18842	
15461	
19687	
32363	
31683	
7186	
12823	
20223	
14849	
8008	
9395	
19954	
10105	
35688	
32555	
37520	
11567	
32638	
29828	
2522	
38635	
29460	
33958	
1291	
7846	
21396	
21570	
21780	
25745	
14992	
24849	
10806	
9338	
37250	
19746	
39393	
1211	
7514	
33050	
34757	
69	
36489	
36733	
25890	
19396	
5050	
6580	
25892	
7597	
27899	
2917	
19299	
6296	
1534	
21807	
28462	
18340	
35675	
27291	
19626	
26028	
34403	
31612	
10910	
31676	
24370	
17407	
30175	
4132	
12323	
39400	
38229	
257	
24488	
8559	
16925	
13989	
38985	
24164	
7654	
6279	
23560	
24779	
11434	
1334	
19554	
3755	
2006	
13558	
1796	
38041	
15769	
22228	
13553	
14737	
25316	
14613	
19271	
28458	
15279	
33921	
16351	
11207	
17632	
24152	
26952	
609	
13749	
30214	
7784	
22344	
37522	
13890	
30944	
30830	
14534	
12066	
27252	
20245	
18271	
32718	
39196	
27004	
13952	
14732	
34789	
14929	
19690	
15494	
27794	
20416	
28978	
21882	
31620	
15212	
29708	
7848	
6312	
20779	
20556	
38052	
9569	
25926	
17814	
12966	
39506	
19966	
7791	
18249	
10891	
1124	
8339	
6478	
24801	
27455	
545	
33621	
35885	
35394	
25109	
32662	
21757	
33264	
35471	
14157	
12009	
19725	
34158	
15072	
5762	
34340	
5504	
9782	
6809	
38210	
13925	
26685	
38331	
18578	
22671	
11520	
37398	
13150	
7222	
22591	
939	
17536	
31944	
19275	
8421	
39138	
35908	
1681	
28911	
15522	
9166	
16432	
32141	
39182	
2571	
31327	
20499	
29339	
23039	
19736	
26131	
23529	
633	
13057	
25127	
15543	
18236	
33254	
12078	
35136	
15149	
6241	
35473	
602	
5638	
13415	
36240	
11718	
32615	
10152	
10897	
25359	
33091	
36865	
20094	
4355	
2356	
9553	
26078	
7326	
672	
2395	
11700	
11351	
8077	
35209	
14608	
6443	
14084	
18240	
22674	
20302	
33197	
7402	
307	
1335	
39971	
18203	
658	
9388	
34062	
14326	
28003	
35405	
36699	
24010	
2899	
35762	
24955	
35120	
29190	
5540	
10129	
36886	
22426	
32474	
12831	
15259	
36201	
3	
2437	
2038	
29663	
26153	
35485	
489	
39461	
12120	
23368	
20756	
11591	
22651	
26727	
4481	
4436	
18104	
14817	
33391	
3061	
39990	
14250	
38469	
21690	
16580	
11454	
30443	
32800	
24718	
20110	
12354	
869	
38309	
21694	
1036	
23566	
2160	
37223	
26869	
39189	
39218	
35814	
4091	
20493	
31232	
10902	
22919	
2495	
4398	
25058	
1296	
7066	
32734	
5324	
33409	
12787	
6493	
5459	
31697	
33849	
20534	
23636	
25886	
31317	
27966	
4796	
29193	
11587	
8471	
25203	
24852	
22144	
11306	
27544	
23184	
10178	
21138	
153	
19239	
9885	
21431	
37928	
24788	
19288	
20970	
6078	
4682	
26832	
24383	
30785	
23572	
18584	
22374	
11071	
33709	
18315	
2603	
30207	
3458	
38589	
15699	
2728	
18697	
5029	
24503	
38045	
39818	
30728	
36612	
27802	
6365	
31151	
35465	
9488	
13967	
25457	
28106	
13913	
32326	
33165	
3564	
2153	
462	
6702	
33402	
33125	
4518	
25428	
36393	
11377	
16569	
28415	
1800	
1952	
9723	
34373	
38517	
39706	
39284	
23355	
25109	
12310	
3064	
26945	
38892	
33562	
7754	
7402	
38124	
8006	
19435	
10488	
15504	
8952	
16301	
9681	
25647	
25340	
19103	
6135	
28632	
12496	
6743	
2542	
1071	
30077	
18556	
21941	
7783	
14369	
34145	
19382	
29556	
8812	
21622	
26177	
4067	
21274	
14493	
6409	
25306	
37645	
1851	
8082	
29240	
8387	
19862	
7288	
17124	
28677	
28816	
25151	
13960	
34122	
769	
4042	
22638	
39535	
16169	
15262	
30816	
13609	
10822	
23343	
20864	
402	
35543	
10892	
26628	
32643	
27237	
18634	
36788	
20350	
37907	
12177	
25276	
28031	
25756	
35443	
13167	
17014	
26754	
15254	
33893	
30298	
36128	
31790	
31622	
7578	
39240	
21700	
5311	
37201	
25809	
31593	
37706	
10384	
19326	
8756	
39955	
13928	
33136	
24765	
16283	
28846	
33051	
9601	
7633	
39799	
17948	
25146	
38064	
22095	
1869	
15359	
35516	
35120	
16864	
30044	
35279	
20295	
16659	
26254	
20553	
28120	
3241	
15484	
30977	
20461	
23987	
16206	
2941	
8704	
16571	
17542	
19708	
28215	
32184	
9549	
4236	
11327	
15670	
4607	
25975	
10934	
25474	
3268	
26174	
12086	
11901	
12954	
21866	
10268	
30321	
1981	
38283	
21777	
29204	
20255	
10825	
39337	
3027	
30764	
36797	
2798	
35710	
11937	
15922	
31199	
4206	
5202	
5224	
16099	
373	
4913	
32827	
15587	
6374	
35348	
24977	
19032	
23262	
35351	
18695	
15549	
31464	
8744	
13878	
26167	
7295	
17514	
17091	
261	
21698	
19651	
31288	
10987	
16378	
30456	
6015	
31063	
12488	
26609	
11217	
2219	
38021	
31824	
24989	
16117	
32584	
12091	
30116	
3398	
309	
9318	
38988	
1208	
33894	
32922	
12925	
34471	
2421	
6392	
22497	
23065	
7330	
16979	
10254	
30832	
25270	
8039	
8043	
30391	
14783	
21226	
2951	
23006	
9543	
26477	
10718	
29121	
30573	
1258	
28095	
5184	
16267	
23414	
12876	
33657	
14611	
29363	
28943	
14832	
14548	
17702	
8353	
294	
29008	
4182	
19653	
4633	
32889	
34774	
2092	
33981	
24552	
29445	
10603	
27743	
2866	
8107	
7762	
33710	
16604	
6128	
17483	
12765	
2298	
9964	
31402	
19404	
13371	
26160	
20132	
22333	
23309	
17522	
29274	
33758	
2861	
30604	
39431	
3299	
25879	
34309	
22558	
13203	
1421	
39009	
35200	
2072	
21787	
4982	
8037	
21258	
20885	
26666	
36371	
6168	
7846	
28520	
29898	
10248	
5604	
3904	
13435	
32326	
36134	
15309	
28395	
23646	
24450	
26737	
22042	
6008	
32699	
37961	
18351	
454	
38011	
12361	
6559	
16516	
34668	
4115	
20997	
24493	
37441	
39688	
35347	
31928	
35802	
3487	
6254	
4041	
30655	
19086	
25948	
25661	
34022	
30236	
15730	
14728	
24193	
10727	
28079	
25345	
14170	
19762	
38566	
39658	
13684	
21866	
33043	
29520	
19104	
37249	
29706	
9851	
26093	
26752	
26046	
36914	
4384	
8479	
37347	
16046	
24570	
31118	
1821	
14236	
30808	
32112	
13561	
36819	
25802	
35906	
71	
36654	
28750	
34446	
842	
28650	
32855	
31412	
37882	
4680	
15409	
25948	
567	
19459	
25375	
5030	
35090	
12849	
20826	
3440	
4433	
24496	
32072	
21769	
18238	
9490	
10803	
8187	
27724	
13777	
20886	
11948	
16233	
2044	
39241	
22559	
9442	
37971	
16684	
9425	
24982	
19998	
17905	
7824	
34928	
20538	
26948	
24804	
30111	
7716	
3611	
21342	
26465	
4880	
7379	
13696	
4258	
18170	
18468	
22614	
32811	
3586	
31506	
31760	
31693	
14738	
16931	
35725	
38464	
4226	
14709	
13320	
1193	
36624	
325	
29279	
603	
10210	
26949	
6079	
1661	
18241	
12105	
33364	
34750	
14190	
9292	
5052	
14512	
28350	
10046	
31734	
3952	
14184	
31122	
38670	
25987	
17186	
22648	
34106	
15216	
28938	
375	
4068	
2322	
6775	
14027	
10379	
36048	
34375	
9376	
25557	
4748	
2221	
21021	
12482	
7825	
36051	
20753	
34909	
18637	
17368	
17416	
3953	
34892	
2716	
36083	
30434	
13771	
13649	
32461	
2443	
18178	
15104	
12261	
4040	
22519	
24853	
14818	
32364	
14440	
9470	
19463	
29239	
1186	
39031	
35937	
21145	
17804	
4170	
3001	
26195	
23233	
36070	
25613	
36792	
30215	
18157	
6655	
21838	
12307	
32846	
38227	
37351	
11804	
19346	
38737	
23925	
6577	
39274	
28021	
27803	
29386	
37627	
39367	
9826	
13723	
36120	
20138	
6945	
18106	
26925	
28400	
38479	
27412	
39303	
4441	
18942	
17268	
19991	
18700	
26064	
2207	
30051	
3788	
10956	
39882	
22697	
3586	
8335	
14551	
22834	
27436	
21297	
12340	
15595	
17720	
38173	
34117	
13989	
18031	
542	
37578	
36357	
33921	
861	
31371	
22595	
9572	
7672	
4756	
17179	
21922	
6822	
12484	
7042	
23954	
4080	
6841	
39408	
19306	
2444	
37622	
2046	
20151	
24402	
19427	
18244	
3282	
36548	
18262	
34146	
34703	
33918	
37332	
3086	
18796	
14691	
7950	
24514	
964	
39354	
11221	
22273	
3150	
15740	
28385	
3879	
11914	
13217	
8873	
38481	
8614	
8470	
22413	
12605	
5363	
29376	
39110	
31870	
29482	
5994	
17268	
33723	
33424	
39441	
26358	
38371	
2351	
19973	
19713	
12108	
9934	
23635	
9043	
11360	
31694	
24369	
2411	
4527	
24388	
20085	
30950	
34239	
29208	
10625	
15860	
12863	
12748	
34091	
1534	
23469	
1860	
13037	
11681	
21696	
39610	
23385	
38380	
30279	
32249	
31174	
29391	
36650	
209	
15302	
5255	
3749	
18524	
15846	
25028	
9165	
3746	
24852	
37519	
6392	
6112	
38444	
18834	
19292	
30075	
1542	
4135	
11032	
5415	
35016	
26173	
94	
32873	
29173	
23114	
25417	
10183	
32715	
35768	
12706	
13284	
23211	
3013	
33175	
9180	
12550	
18505	
37115	
7835	
6741	
16482	
15030	
10056	
8030	
4407	
6178	
12967	
20869	
38207	
7116	
13564	
19810	
8356	
33805	
31169	
1244	
28524	
1844	
28372	
16831	
29204	
33118	
21131	
27277	
22322	
56	
14051	
31628	
34344	
37921	
29151	
27642	
20161	
29504	
38847	
31833	
8441	
14649	
33216	
29872	
23246	
10157	
23136	
26580	
20299	
11530	
31603	
5122	
695	
19912	
9301	
15020	
23528	
37130	
4245	
2722	
36939	
38787	
4635	
9302	
18014	
19305	
31718	
30705	
25072	
17666	
29459	
19572	
25410	
18283	
36045	
25974	
34078	
9605	
33785	
25480	
16183	
31642	
37822	
7694	
7661	
585	
31002	
26398	
27090	
6247	
3997	
5319	
37780	
22907	
6301	
805	
29294	
5982	
28484	
3433	
20748	
33913	
20059	
2849	
27112	
38371	
7875	
30613	
6436	
9575	
2454	
2439	
337	
35457	
9737	
15136	
18511	
25293	
14084	
30852	
19987	
12062	
30535	
37194	
26233	
32364	
2779	
21313	
37399	
23610	
35375	
13742	
27266	
23992	
16492	
32927	
17355	
4199	
25509	
10734	
17279	
3514	
8776	
20600	
27244	
28258	
27403	
30944	
17110	
3855	
18713	
21316	
24977	
19414	
13979	
16303	
8461	
15568	
6196	
15828	
6093	
20095	
30928	
19191	
11009	
4474	
10891	
37534	
7794	
36682	
37736	
2524	
37996	
21963	
39466	
25988	
11663	
33327	
16292	
34611	
4605	
2303	
19330	
3900	
38879	
26872	
272	
18038	
29762	
38399	
15967	
22976	
19505	
3810	
1903	
1904	
21097	
11599	
3987	
36219	
35598	
20962	
23383	
20069	
22919	
25954	
6812	
33620	
19787	
25814	
25188	
39090	
22309	
10874	
27678	
34801	
24121	
32809	
33358	
2302	
7200	
31236	
4912	
86	
34626	
23339	
35183	
26881	
29578	
14554	
24831	
32636	
16910	
26457	
29409	
10127	
38563	
33916	
30785	
34374	
9560	
11190	
3084	
15518	
15408	
32426	
29707	
8798	
39201	
17835	
18505	
21979	
10015	
14388	
17033	
4703	
21853	
13329	
16096	
30505	
26296	
12009	
15230	
37438	
14091	
1907	
15224	
25646	
3448	
25644	
4599	
17241	
37710	
15653	
2358	
32365	
15161	
9951	
23956	
30960	
27017	
1782	
28875	
20975	
25280	
13096	
7147	
25010	
4858	
11345	
11867	
14257	
28806	
8054	
22067	
18279	
12594	
29544	
25552	
34939	
21297	
22382	
24803	
38261	
3883	
14731	
21335	
1009	
6623	
39971	
9234	
9328	
196	
32010	
26533	
28292	
3381	
7680	
34274	
409	
6357	
16525	
15883	
823	
28188	
7936	
37917	
9817	
27949	
39413	
28970	
39205	
11693	
19948	
38398	
4307	
27276	
2787	
31218	
2800	
13816	
10779	
6161	
16482	
31552	
34590	
14019	
19795	
329	
16327	
30816	
19704	
7005	
7043	
203	
31416	
37634	
11398	
1587	
32066	
8027	
8026	
25344	
34295	
5448	
33010	
39250	
4719	
19789	
33285	
34857	
39906	
15308	
16399	
25071	
15660	
38341	
33814	
7702	
34487	
18590	
35064	
26173	
35864	
15654	
8883	
2009	
39666	
15635	
34746	
26992	
2393	
1944	
7815	
11034	
22789	
16565	
3738	
19695	
14341	
17844	
2325	
6905	
22238	
9957	
36879	
22474	
29808	
1456	
19511	
6827	
35667	
36689	
590	
16737	
14427	
16642	
33874	
4697	
19330	
28582	
36101	
34808	
2182	
23854	
19141	
23135	
19826	
32162	
25548	
28382	
31933	
14333	
5783	
17138	
35902	
32160	
5031	
20788	
35066	
37085	
16933	
34647	
39840	
38295	
21188	
17162	
19567	
23976	
3931	
28503	
7342	
31228	
15259	
8287	
6902	
15746	
12683	
22955	
29302	
9884	
10289	
19800	
13092	
11623	
19397	
11649	
38375	
9124	
31321	
32211	
2909	
9881	
7629	
10406	
9004	
10556	
29877	
10571	
29585	
23547	
17153	
28046	
20521	
24241	
19846	
7236	
8064	
15981	
1469	
18286	
33863	
35686	
15538	
22710	
24201	
39955	
14153	
23154	
16365	
29777	
13821	
7196	
6300	
7582	
6874	
24648	
30889	
30564	
22387	
33636	
9264	
11807	
34982	
16463	
4911	
32951	
38121	
35385	
31832	
5210	
39454	
37201	
4010	
11237	
3068	
14509	
30255	
27847	
12189	
33365	
34584	
736	
284	
13306	
10967	
13505	
8637	
34636	
5805	
35745	
23236	
8801	
6045	
1557	
26132	
20155	
195	
23248	
2594	
31169	
32714	
7078	
36575	
36299	
25668	
68	
18672	
1766	
15328	
11709	
28049	
3485	
5712	
23667	
310	
37645	
32542	
11789	
14203	
11316	
19336	
17065	
5930	
39428	
22625	
24729	
36475	
15208	
37729	
27535	
34516	
12865	
34996	
7909	
14934	
24136	
10999	
2872	
10860	
4234	
13855	
12686	
19611	
19327	
27321	
31265	
19045	
24007	
28425	
11005	
15107	
16461	
11030	
8358	
21618	
7070	
38107	
1003	
12394	
25564	
2926	
19646	
20015	
21711	
12125	
27228	
15128	
19959	
24944	
8570	
14132	
17675	
260	
15603	
12621	
29521	
9588	
30619	
5120	
26799	
15835	
10370	
21926	
16378	
18230	
3841	
26032	
12222	
19437	
340	
37677	
39728	
29922	
6002	
11760	
7181	
18889	
20664	
9078	
36454	
23090	
11518	
35240	
12793	
29620	
16851	
25794	
27583	
796	
22107	
34705	
33918	
30349	
30459	
29065	
18551	
38537	
27626	
23075	
17862	
38725	
35176	
19550	
33752	
20803	
4234	
4773	
12113	
21501	
6094	
17373	
9559	
15458	
22522	
3975	
8419	
5465	
2638	
5785	
28609	
11057	
29114	
5853	
23868	
18401	
10145	
34412	
36556	
15969	
5373	
18229	
21803	
28582	
427	
21470	
19155	
7277	
3370	
34676	
37219	
34138	
11543	
15929	
1786	
20501	
36331	
15005	
26094	
28924	
24268	
30777	
19937	
13757	
35909	
14354	
37443	
21421	
22560	
32323	
22105	
5346	
35793	
8873	
1682	
18895	
19529	
7697	
24893	
3514	
9743	
36711	
39327	
11137	
33222	
19498	
36658	
9455	
24019	
23452	
15979	
38398	
2510	
7700	
26204	
30395	
23999	
26463	
29325	
7984	
32537	
34783	
20595	
6507	
20130	
17104	
34698	
27027	
38991	
21934	
14667	
14134	
17678	
25866	
21155	
2880	
10632	
38416	
4492	
27872	
18101	
37175	
10742	
8802	
29580	
23301	
32813	
17303	
29850	
4671	
25977	
31471	
30958	
39674	
33186	
30543	
20418	
653	
12976	
30497	
6839	
26947	
7470	
9056	
28455	
37981	
16547	
5352	
16136	
16747	
10668	
2858	
23690	
13809	
5817	
6197	
22419	
31229	
23731	
36578	
33573	
19057	
34728	
20939	
15073	
2393	
34978	
8761	
37519	
2641	
34667	
29645	
32503	
36529	
685	
2283	
7666	
24956	
5364	
15304	
28135	
27816	
2960	
39101	
33668	
8158	
6917	
1872	
33130	
10736	
19336	
785	
27074	
25085	
37677	
38263	
14230	
19081	
36252	
35968	
34919	
36782	
11229	
3296	
10215	
27135	
25612	
440	
8402	
7641	
13355	
5275	
15323	
16512	
11186	
37884	
39464	
24657	
18998	
12837	
33607	
29645	
38992	
72	
38095	
39803	
36853	
24549	
34299	
12665	
29510	
36693	
20996	
11354	
1305	
4922	
5324	
15157	
16681	
27461	
14117	
11653	
23671	
8061	
20349	
5734	
31979	
37113	
538	
33903	
4812	
7459	
38504	
33887	
17651	
33079	
4414	
17724	
19561	
29289	
33955	
7527	
29388	
37859	
39143	
38609	
14986	
17039	
13900	
6154	
9380	
25351	
39580	
16493	
31206	
629	
16080	
11710	
5367	
10794	
34470	
14555	
11234	
20514	
13717	
39138	
26583	
38816	
11847	
39591	
20997	
29033	
34749	
24605	
37376	
31301	
23651	
8788	
23226	
2100	
36823	
38323	
11637	
21762	
22435	
27576	
35632	
4625	
26079	
29837	
18425	
22308	
9917	
520	
10386	
24996	
4724	
38837	
33325	
30511	
741	
33355	
2941	
9626	
35027	
8562	
1837	
327	
5572	
5378	
7515	
13354	
15465	
32458	
4007	
8172	
33786	
3643	
31179	
20216	
3798	
24739	
14062	
36701	
16419	
39936	
14401	
11679	
36724	
38720	
15184	
37673	
25362	
12059	
33253	
26208	
28257	
39643	
8313	
36723	
14970	
32605	
12952	
2572	
7901	
39418	
7670	
38767	
8865	
26717	
39070	
8148	
8891	
32447	
7236	
13977	
26139	
36349	
2113	
3874	
3099	
18349	
2903	
32295	
8484	
35984	
4846	
39841	
17117	
30873	
25160	
9450	
34683	
35083	
27377	
39744	
23216	
31738	
26485	
16845	
32546	
8305	
38434	
21427	
21540	
19313	
13967	
21018	
32411	
1052	
4499	
33247	
15195	
18596	
13939	
30760	
9721	
26027	
807	
6840	
17647	
9323	
16040	
28002	
6303	
32454	
37613	
23303	
28881	
36694	
15560	
3759	
34640	
15196	
30904	
21866	
6341	
10192	
21836	
5750	
11254	
32067	
2795	
15513	
2562	
5549	
35658	
3932	
25087	
12457	
24548	
34399	
27884	
15044	
9919	
13199	
23763	
16575	
26221	
39680	
32176	
23463	
31230	
35811	
809	
33044	
37449	
35862	
22425	
32525	
23771	
27978	
5989	
19434	
27558	
24825	
38277	
10417	
19751	
26866	
351	
37071	
759	
4407	
15855	
6589	
13323	
15545	
25012	
7908	
14963	
9994	
37394	
32926	
32927	
6682	
21908	
26354	
14206	
16997	
28935	
28435	
900	
35873	
33758	
22983	
13764	
21758	
18795	
6871	
21	
17348	
23125	
39848	
27687	
15538	
11705	
12349	
29875	
29447	
3509	
3825	
36795	
4196	
36177	
16901	
31801	
13533	
10007	
37734	
26050	
18212	
18611	
17575	
5803	
17394	
24119	
29550	
31780	
26936	
11507	
10523	
26960	
9888	
15532	
25151	
11322	
4657	
21074	
19027	
2906	
34116	
2719	
1835	
11153	
1820	
8996	
20596	
36593	
17091	
515	
38472	
3866	
6716	
15609	
785	
26757	
1382	
38586	
11259	
33294	
35210	
37924	
17808	
38706	
23011	
1339	
21575	
24980	
38210	
2603	
38733	
5581	
35909	
10247	
39786	
12925	
17441	
5968	
14862	
8457	
26787	
15786	
20229	
31826	
15662	
34612	
17299	
10731	
4859	
16128	
15758	
7984	
11066	
21855	
13166	
8051	
29630	
27813	
37966	
30349	
2138	
25766	
25387	
39653	
15554	
39187	
31180	
31958	
11544	
10624	
11351	
14656	
35523	
24083	
1810	
18338	
8300	
24741	
14203	
33002	
22476	
27393	
22028	
1519	
12165	
15350	
14883	
29102	
11635	
34563	
214	
22396	
13341	
37356	
33213	
4150	
1186	
2736	
21726	
27966	
14963	
32905	
15911	
3851	
26985	
32995	
28517	
16623	
38561	
32235	
30742	
33193	
29357	
3474	
8178	
5574	
35583	
11792	
26931	
24795	
21249	
16139	
26724	
39564	
33627	
39378	
26323	
29384	
12277	
26548	
21500	
23980	
10174	
19638	
6386	
39610	
4748	
6672	
30871	
5685	
28671	
36947	
7931	
26208	
5655	
27467	
19755	
29128	
1499	
8657	
7121	
11654	
17384	
13609	
6194	
12385	
19711	
36278	
3581	
15211	
9817	
21199	
23961	
6675	
36615	
20049	
6300	
36541	
8648	
23362	
9184	
33833	
17815	
11302	
25427	
27607	
26411	
1152	
21264	
27432	
27731	
39175	
33535	
9341	
37792	
6243	
34370	
34758	
16396	
30956	
27970	
31150	
31811	
34162	
5137	
27682	
17041	
28171	
38548	
3914	
17046	
9001	
30638	
19757	
28593	
18710	
1705	
20756	
29853	
35252	
38932	
28804	
20764	
22129	
38003	
25339	
16747	
8980	
23009	
36011	
3075	
34133	
57	
3028	
5727	
13559	
21771	
35875	
5	
27632	
9416	
12820	
25124	
22706	
14938	
34118	
37276	
17412	
37878	
15645	
3307	
25835	
29391	
39505	
38262	
38172	
8941	
38209	
7060	
20943	
32148	
30816	
10827	
23765	
23624	
8763	
599	
33378	
34108	
10449	
7562	
31265	
26	
15844	
13734	
16155	
20073	
26516	
17491	
4600	
31833	
4344	
16177	
33573	
37147	
16100	
4592	
16720	
13529	
24247	
31298	
12795	
38053	
19980	
16469	
37604	
6635	
38166	
36160	
6575	
31945	
39678	
20188	
30777	
34740	
18721	
39118	
19516	
35462	
37016	
9059	
4639	
25490	
17663	
39962	
15895	
33068	
27531	
39514	
15759	
36081	
10825	
2969	
19304	
9469	
13792	
24154	
10581	
16700	
6332	
13359	
21259	
23478	
36589	
6780	
24212	
8651	
3546	
26963	
11798	
36662	
38598	
39618	
34349	
14753	
13211	
6438	
21581	
30059	
15569	
23469	
35340	
18516	
36042	
26896	
22612	
15663	
2119	
8900	
4659	
15371	
3209	
33261	
17542	
12695	
3152	
10089	
18007	
2943	
14985	
16511	
21943	
2304	
29683	
30057	
16461	
664	
19861	
19369	
9507	
24135	
33148	
12603	
32054	
37048	
24948	
16413	
35886	
8522	
14649	
30570	
8752	
20832	
33019	
35160	
20895	
16979	
28561	
12042	
36869	
36690	
11305	
34712	
39169	
36928	
20345	
31984	
8979	
28665	
38279	
18253	
29289	
25350	
26593	
37077	
13341	
7186	
24394	
38944	
32482	
23808	
22125	
12802	
3756	
18972	
5888	
20840	
11753	
8191	
2082	
686	
29718	
28214	
4150	
31347	
31316	
2500	
33860	
26056	
25346	
20969	
35892	
7254	
14466	
27755	
35283	
20697	
10153	
29799	
38356	
18467	
5110	
7007	
18855	
22977	
35785	
19316	
21747	
23974	
25755	
12695	
12436	
25602	
21297	
18973	
14964	
39903	
34821	
5775	
19034	
27662	
13860	
33597	
20254	
1422	
14051	
9952	
2496	
28890	
10796	
22787	
6823	
26966	
39710	
30926	
20183	
25593	
19789	
36748	
8199	
29076	
28799	
1241	
14621	
32744	
9269	
22199	
29892	
27122	
2798	
27631	
28674	
22506	
16240	
34236	
31544	
30636	
5047	
8682	
22470	
33702	
3286	
36313	
2300	
22633	
33178	
14343	
6978	
1845	
35023	
35237	
8500	
27437	
27946	
32697	
3999	
35588	
9092	
25958	
2490	
25876	
37081	
16160	
11637	
681	
23029	
2652	
5497	
22175	
20928	
22409	
1087	
8253	
23750	
1530	
8843	
12660	
36509	
28254	
22025	
20027	
21725	
10634	
17579	
24929	
17840	
10993	
215	
6557	
28217	
12271	
9153	
17735	
1535	
16589	
3071	
14862	
6788	
18249	
15222	
7402	
11351	
27088	
22953	
33634	
6633	
30213	
17980	
816	
37500	
30266	
27602	
39229	
24888	
5413	
3723	
15483	
15760	
21657	
9811	
1224	
1566	
18443	
25112	
11751	
27280	
16256	
1866	
17612	
37622	
31620	
15001	
37083	
22858	
23904	
33623	
23495	
25110	
21835	
22036	
2364	
12936	
15144	
15472	
23808	
15274	
26479	
20549	
9961	
33380	
21840	
24767	
16297	
32109	
39122	
3280	
12296	
23802	
30450	
13942	
28603	
39953	
13888	
13249	
31838	
9455	
22738	
11833	
606	
37	
34448	
26964	
38725	
1764	
24640	
12142	
27239	
17042	
36353	
7506	
29175	
34747	
10477	
3797	
14077	
25065	
18820	
25160	
16268	
12159	
20064	
6185	
8695	
16438	
22413	
37921	
23216	
38875	
6883	
26382	
38157	
21970	
12382	
5420	
39764	
4070	
29690	
38183	
4375	
3666	
17973	
24346	
17212	
37098	
8873	
22779	
32436	
11781	
9942	
32366	
30437	
5783	
35463	
26130	
1285	
22571	
8975	
20817	
36686	
18820	
37765	
25808	
3136	
22945	
34707	
23909	
3420	
23695	
32405	
3838	
17424	
8908	
25547	
26860	
2974	
31217	
1369	
30538	
15040	
29765	
31150	
34611	
11782	
29049	
33067	
19750	
20700	
15442	
8686	
3734	
22291	
35853	
28684	
28886	
22577	
36659	
29033	
176	
16132	
21306	
17435	
7287	
12405	
16424	
17646	
23194	
30676	
8760	
469	
31947	
14836	
32470	
10250	
27100	
19914	
37085	
29668	
21295	
28083	
21407	
33500	
24645	
32395	
31458	
9188	
6441	
26476	
25499	
19189	
14933	
31633	
2262	
34105	
7230	
20848	
34894	
23178	
11834	
5917	
18909	
31941	
18882	
1199	
30502	
36396	
27914	
4108	
27081	
18987	
21345	
979	
1192	
39137	
8646	
11251	
33648	
1364	
14413	
13425	
25604	
10335	
10626	
8248	
929	
491	
11119	
39034	
28982	
14315	
7902	
21498	
28095	
14207	
38647	
27777	
37622	
8707	
32348	
25764	
28228	
21294	
7707	
20750	
34141	
25919	
3169	
8458	
15137	
7181	
29185	
31832	
11612	
16292	
1270	
39667	
33039	
38445	
35897	
38611	
9691	
2890	
11675	
39369	
18510	
16947	
34765	
21135	
9273	
12430	
15567	
35009	
6603	
2750	
26704	
15081	
12142	
23452	
22695	
14391	
4315	
9845	
3659	
17550	
22751	
26121	
7418	
1963	
8964	
3526	
857	
15649	
33342	
22531	
1787	
23614	
16574	
17667	
21465	
34430	
16796	
16023	
30460	
19525	
23646	
7294	
11332	
20863	
33981	
6918	
33026	
31938	
15661	
39175	
9594	
35232	
11886	
18606	
25644	
90	
14419	
17895	
39690	
37655	
1599	
37777	
28664	
39380	
13164	
21849	
30256	
10878	
20863	
18554	
32762	
12626	
35235	
12219	
22127	
17296	
13472	
958	
12842	
16109	
32250	
943	
30646	
36090	
29123	
20297	
20180	
16434	
11862	
37572	
38722	
13931	
14490	
18409	
27729	
12139	
4951	
7241	
18921	
27363	
11614	
28527	
10948	
16527	
2735	
873	
39277	
14532	
34729	
18027	
18780	
39574	
18071	
11941	
14138	
2741	
26078	
6648	
23767	
7181	
10156	
4485	
19917	
6320	
13296	
1386	
38762	
22521	
20033	
1552	
39800	
25402	
17385	
13255	
7102	
7386	
27317	
30475	
4883	
16017	
22105	
7149	
27521	
27833	
26211	
15330	
5591	
30004	
20030	
7872	
3116	
4191	
11549	
22222	
35582	
3952	
4300	
17359	
24981	
33322	
34798	
5024	
19078	
20854	
23700	
32368	
24529	
36445	
37019	
25849	
29702	
7317	
35269	
14250	
3238	
11128	
8544	
1059	
29857	
18590	
22167	
27899	
29786	
16463	
4918	
18273	
39170	
32120	
6409	
10209	
9656	
2546	
32114	
33121	
21401	
34017	
28916	
36637	
19047	
27027	
31993	
364	
28613	
6035	
17882	
36172	
29871	
10781	
4760	
14068	
9123	
9813	
19534	
24376	
14926	
23135	
19274	
14874	
6443	
38221	
14099	
24276	
7840	
17241	
23460	
35314	
2998	
39811	
36919	
5691	
37520	
24796	
11217	
5432	
28432	
33297	
2432	
24450	
30547	
35462	
23009	
13345	
39762	
27009	
845	
37346	
3521	
37059	
17548	
2469	
10980	
12858	
35291	
30535	
9023	
20166	
18753	
30402	
24349	
24492	
27675	
36942	
1106	
3061	
1475	
4075	
33109	
33338	
32188	
38034	
33578	
9668	
27925	
13282	
2352	
14520	
795	
37558	
5452	
6542	
7586	
17704	
7094	
23491	
34330	
18754	
38505	
18235	
20336	
3260	
8480	
36609	
35423	
38257	
33588	
28584	
2876	
26022	
3246	
10854	
35307	
19459	
39366	
4845	
6472	
34240	
38914	
24597	
34666	
20623	
836	
659	
11016	
38626	
37317	
7073	
37563	
15645	
18426	
215	
10152	
28072	
24907	
20092	
13061	
28854	
770	
31821	
9959	
1012	
12415	
756	
39008	
31477	
34589	
37058	
44	
12920	
32031	
11803	
11862	
14472	
12613	
21851	
13407	
36646	
34048	
6901	
29233	
20371	
12907	
29299	
24126	
10707	
35938	
19212	
14169	
24659	
20025	
16407	
26181	
38670	
17896	
30420	
2414	
6901	
22398	
15054	
25639	
11370	
21892	
5171	
18460	
10507	
32919	
34862	
33530	
8509	
4264	
29580	
20870	
30325	
37781	
17137	
26440	
33802	
29886	
22161	
35283	
16665	
8103	
24687	
38609	
18223	
18230	
7719	
2648	
5646	
37335	
38323	
18114	
10642	
26949	
7567	
19016	
23323	
3149	
20325	
24522	
21173	
23955	
19317	
321	
1710	
33988	
2146	
32780	
36439	
39228	
33010	
11748	
16	
32685	
2931	
2732	
36610	
14085	
30542	
29179	
39195	
31296	
27135	
32636	
16150	
9041	
7385	
23748	
24487	
30183	
20196	
36705	
33374	
4916	
17217	
24762	
34202	
29268	
14731	
37333	
32103	
37951	
15722	
24123	
7157	
7460	
30672	
10552	
35386	
31836	
7494	
10770	
8288	
17239	
26679	
22899	
25964	
27852	
35893	
35295	
29988	
33857	
14015	
19081	
34810	
25724	
30948	
12926	
14598	
18643	
12673	
27209	
39603	
33939	
13176	
6677	
12110	
39311	
32729	
38576	
20877	
15260	
16439	
37771	
7373	
11345	
30231	
38796	
2539	
28352	
19102	
23291	
4591	
35660	
7754	
27351	
8759	
32672	
31786	
11621	
35501	
35114	
31924	
28424	
13770	
13478	
19267	
4122	
29974	
32012	
36184	
4414	
20977	
38712	
4459	
39432	
23082	
16000	
23948	
19887	
2287	
6291	
18116	
26590	
7988	
32262	
21681	
6582	
10504	
30300	
13856	
29205	
31545	
28244	
22516	
29384	
8183	
3886	
11696	
24117	
668	
20347	
20515	
24337	
32403	
4071	
15048	
38906	
23304	
8896	
17050	
31629	
1875	
26460	
36134	
6831	
26325	
14507	
4680	
17743	
29619	
35757	
10290	
15189	
9163	
26794	
16518	
24870	
34091	
38454	
26473	
38399	
8457	
29264	
4747	
34992	
12030	
13584	
29468	
34108	
37607	
7580	
535	
31773	
6167	
19306	
57	
24714	
26125	
24418	
32866	
29235	
37811	
7312	
11895	
29614	
16059	
31393	
30525	
32800	
22562	
25294	
2705	
11982	
1766	
16899	
2819	
17388	
314	
7135	
28213	
5594	
3772	
37337	
33183	
4707	
10375	
8872	
2947	
12263	
26119	
38081	
15332	
38852	
23506	
34913	
39156	
17764	
2034	
1364	
28968	
36676	
31635	
11043	
20185	
30128	
4006	
29435	
35289	
33032	
21689	
23544	
34261	
39041	
31617	
11595	
16286	
25997	
2176	
22816	
38898	
24896	
24220	
27678	
2410	
6171	
35775	
9892	
28121	
15886	
2892	
7041	
37547	
33716	
11385	
5315	
29237	
7371	
39765	
12532	
38519	
25654	
34505	
12713	
17619	
35877	
1680	
6193	
31370	
8885	
5776	
27827	
958	
34338	
37726	
29959	
33176	
25405	
19981	
38832	
2816	
913	
34997	
9284	
15581	
3533	
17260	
24045	
28224	
18466	
22757	
10449	
16442	
11707	
3959	
4669	
28458	
5398	
4876	
25232	
18302	
18233	
23322	
15697	
33394	
21283	
15924	
3108	
21490	
37294	
113	
13907	
24471	
18751	
39257	
14294	
17393	
20314	
9570	
12202	
21555	
22897	
22224	
10142	
18821	
21312	
2315	
53	
540	
8888	
22707	
4700	
17680	
24832	
23372	
9076	
2677	
32490	
15222	
11799	
6659	
24496	
33427	
26233	
17496	
15284	
7291	
6975	
16111	
39679	
25563	
34358	
18615	
14073	
22195	
30033	
35498	
12319	
34964	
4549	
21819	
13987	
26077	
20795	
12269	
18111	
5363	
38469	
3144	
8270	
29688	
26976	
24369	
21098	
39182	
28803	
23619	
8336	
25030	
39979	
35608	
37528	
974	
25796	
19454	
3412	
28651	
11233	
38136	
9222	
39117	
29525	
34404	
5797	
17760	
6253	
35042	
9379	
34422	
33153	
11693	
12819	
8286	
38160	
20582	
27933	
28141	
34333	
26657	
18849	
21038	
36786	
19254	
26010	
6202	
21775	
4353	
8959	
34944	
17435	
39585	
19870	
17636	
32906	
35891	
16343	
5012	
13066	
28806	
21124	
18655	
21583	
38797	
28910	
11448	
25265	
34660	
21487	
33917	
21602	
26590	
37821	
27481	
21316	
5571	
8044	
31379	
7202	
7674	
24208	
11704	
6697	
38722	
9115	
18969	
38189	
30098	
2010	
17283	
31668	
19797	
30774	
30069	
5161	
12993	
18820	
33345	
38087	
21647	
10293	
19804	
3243	
34032	
8490	
21202	
30066	
31765	
18657	
27716	
26454	
29617	
9901	
18897	
26350	
35186	
28357	
29050	
23232	
12609	
2640	
24642	
6255	
34600	
31328	
3265	
22737	
36451	
23937	
32184	
20868	
1631	
1409	
16700	
16	
19720	
2342	
21728	
12706	
33057	
19349	
9296	
35298	
5859	
36915	
19253	
847	
32924	
19093	
31531	
5477	
37613	
17208	
34105	
30668	
30931	
38596	
39710	
21902	
24956	
1702	
23042	
11774	
26626	
38276	
24929	
14880	
23397	
1231	
15961	
30002	
11149	
20585	
9896	
26043	
10428	
30042	
22515	
14816	
456	
23213	
22038	
769	
14538	
3903	
10825	
26645	
2694	
31301	
39384	
5407	
14263	
27694	
1551	
5195	
38240	
14646	
6523	
30324	
39042	
28073	
34468	
17879	
16549	
30387	
11073	
19494	
31534	
13632	
39181	
104	
9424	
19654	
5170	
29572	
1017	
3918	
6349	
25679	
13727	
19946	
26770	
34124	
39584	
29337	
6267	
14539	
21640	
38548	
21239	
36368	
9633	
25242	
19359	
27800	
31570	
1883	
9131	
6494	
6381	
3978	
180	
21761	
3628	
28413	
27741	
6964	
3970	
2594	
26824	
35757	
30807	
35215	
27063	
36904	
28037	
11566	
6586	
7121	
20623	
9787	
4155	
18248	
33208	
8017	
6328	
32833	
3771	
20542	
15600	
9489	
25655	
5045	
5882	
24914	
25528	
34424	
5727	
10312	
19169	
32396	
21829	
316	
37647	
28287	
27120	
22418	
29090	
35856	
37681	
17169	
32445	
37997	
6605	
2619	
8238	
38570	
20310	
28055	
18761	
38345	
28363	
34085	
30648	
25607	
5818	
6761	
1447	
11450	
13047	
7765	
7548	
22864	
22283	
26648	
11926	
21472	
18947	
35394	
19371	
33942	
6580	
23348	
8410	
2198	
20703	
24181	
31219	
36329	
11527	
35387	
643	
12270	
39451	
20271	
17659	
37778	
36553	
17732	
12045	
4671	
18247	
868	
16545	
10264	
31855	
10038	
4377	
33089	
37218	
20672	
30804	
1217	
8484	
8857	
30436	
2559	
39448	
38768	
23560	
7394	
38723	
377	
4422	
26745	
35593	
23234	
8962	
23822	
7336	
23847	
5780	
17822	
29344	
23068	
20219	
20940	
39995	
9047	
22431	
15322	
11666	
36296	
39753	
29990	
3905	
2348	
32798	
17257	
29971	
6192	
38739	
1676	
13302	
23131	
3353	
34039	
12395	
35697	
26229	
17017	
30901	
28818	
5286	
20316	
34641	
36651	
34087	
11427	
6083	
33831	
12703	
17443	
13991	
4742	
38625	
1172	
1275	
25683	
28038	
15238	
8411	
27259	
11653	
11888	
29307	
4133	
15647	
26350	
13796	
10515	
9375	
1702	
18325	
35857	
16129	
17659	
9587	
33602	
29666	
39906	
15273	
34573	
13715	
38572	
23350	
16054	
36254	
6245	
31324	
6945	
21326	
21174	
17168	
39049	
26690	
20674	
35227	
8933	
25926	
5927	
9701	
9096	
5189	
37786	
29400	
752	
11249	
3583	
6875	
21607	
10949	
19780	
5421	
18470	
15542	
30947	
6944	
23750	
11903	
8302	
3345	
19367	
5014	
24776	
23817	
29921	
21477	
16824	
7292	
14342	
13329	
6985	
14645	
12932	
28177	
26065	
27077	
15971	
27050	
38154	
4234	
16386	
14235	
15593	
33785	
19256	
11989	
16142	
4485	
9314	
17776	
10941	
31023	
33515	
8913	
28284	
25087	
21902	
25335	
39334	
15795	
12344	
18133	
34812	
35699	
12278	
21481	
30931	
21077	
27475	
13172	
19277	
496	
1255	
13773	
1082	
36496	
8839	
15876	
33561	
9452	
15096	
35647	
4788	
147	
4382	
15214	
37924	
17356	
20731	
6291	
30073	
12672	
3477	
25115	
7557	
9404	
20186	
30263	
17696	
5102	
20689	
20922	
35433	
32942	
18692	
17016	
34665	
16232	
28601	
30968	
25083	
935	
20212	
33508	
39307	
35605	
12147	
18422	
7940	
22237	
4739	
23823	
35211	
22762	
29168	
6762	
28962	
22903	
19068	
10933	
15087	
14998	
34751	
9486	
14353	
16585	
2227	
38791	
37034	
21299	
3408	
23466	
33473	
38278	
19846	
39977	
1715	
29443	
2475	
481	
31117	
32142	
11091	
17625	
29719	
36408	
30791	
37062	
7998	
917	
2799	
33479	
39777	
6417	
926	
27960	
16882	
38637	
7979	
14673	
8676	
19371	
22926	
31822	
32590	
15454	
19758	
10986	
8187	
6657	
20575	
3086	
32148	
34009	
28844	
28798	
1225	
27669	
29315	
28128	
20175	
1096	
16797	
13007	
26124	
7995	
14947	
30872	
34901	
36553	
21792	
8008	
20443	
9079	
26451	
29516	
39019	
9963	
13080	
5601	
34320	
20057	
4525	
14681	
19641	
36429	
15385	
19251	
6400	
28003	
13796	
16348	
6962	
7895	
36260	
6200	
33644	
32	
23475	
14414	
19877	
36041	
38213	
11951	
11897	
26562	
33409	
14192	
13214	
24960	
24344	
36638	
2791	
33394	
17819	
16288	
20443	
20059	
20509	
31472	
24181	
16428	
6157	
25869	
23540	
36639	
35760	
16227	
12603	
19207	
15035	
24943	
26422	
7749	
35041	
19438	
34335	
33798	
16736	
24837	
18518	
1449	
29953	
27249	
20290	
11598	
22074	
11410	
4949	
26526	
26092	
39050	
14290	
19171	
37586	
16781	
423	
17560	
11211	
32492	
6772	
38334	
13524	
10742	
6033	
30296	
14929	
23223	
20552	
2151	
37205	
35022	
13291	
12839	
34553	
19159	
2130	
8305	
3752	
15782	
14595	
12364	
32370	
36051	
715	
720	
39642	
21360	
36255	
11635	
37429	
39372	
22901	
28416	
22258	
27498	
33972	
22916	
17352	
13694	
39187	
16918	
26607	
3825	
15650	
1109	
21508	
22237	
37752	
2804	
1463	
7923	
38269	
9865	
5351	
9972	
39191	
31938	
11689	
9882	
22314	
8644	
8011	
25462	
27471	
8764	
9056	
28197	
11854	
4229	
12993	
35270	
37835	
24093	
14043	
28664	
37085	
13587	
23005	
32477	
11585	
16133	
26465	
5534	
22365	
15592	
5249	
1924	
32677	
37096	
30859	
24557	
16508	
26927	
18553	
23889	
8196	
4573	
33954	
24551	
10101	
31305	
15032	
28992	
23945	
21679	
5286	
24097	
10485	
35593	
32168	
3734	
28565	
6263	
35539	
34399	
34466	
17105	
27775	
36357	
30251	
24885	
34153	
31263	
3022	
24504	
38270	
26656	
8731	
8676	
5421	
2978	
33228	
19569	
23034	
9089	
2403	
34859	
17815	
37409	
24421	
3533	
3279	
35656	
3610	
24530	
39153	
14536	
17000	
37343	
27947	
36600	
16253	
26890	
38005	
10353	
29433	
5720	
9945	
4785	
33733	
22300	
13444	
8104	
6695	
35199	
37812	
27492	
7340	
13463	
13445	
29716	
17802	
7434	
27077	
945	
19986	
16862	
2516	
37584	
23031	
502	
32878	
36100	
27773	
22247	
1256	
17178	
20763	
39584	
4563	
27910	
37492	
36638	
24638	
32477	
19398	
27006	
3263	
15472	
15018	
1099	
1204	
28499	
32630	
23473	
17414	
8821	
21962	
36014	
4324	
6563	
19681	
12143	
7300	
27273	
39899	
28669	
39926	
1650	
17449	
26015	
1554	
10535	
24360	
8741	
26104	
6748	
37155	
9979	
28148	
15493	
22890	
13349	
26624	
29939	
23128	
17263	
698	
32271	
25165	
19792	
30287	
10767	
5309	
2540	
12011	
16228	
18302	
19830	
19350	
480	
2665	
4831	
38607	
17332	
14548	
19768	
37651	
10625	
32351	
22080	
29734	
15198	
17693	
6647	
6670	
19754	
5018	
2217	
29365	
19908	
13013	
34864	
16329	
29453	
35065	
30313	
12912	
7359	
1898	
19462	
21291	
27395	
29044	
1374	
34628	
36902	
28962	
28912	
5804	
4378	
678	
34758	
27128	
24691	
2296	
16620	
34487	
32702	
26832	
30890	
15349	
26529	
5264	
11967	
17263	
8478	
12735	
33114	
12652	
30869	
5884	
9751	
39003	
28999	
37202	
25297	
29779	
3408	
24054	
7663	
14333	
26375	
21545	
17947	
20446	
8557	
10152	
16296	
39220	
6122	
1561	
26408	
21121	
15720	
38030	
16637	
6891	
27677	
20219	
11420	
29323	
25418	
26344	
34826	
9481	
29397	
8010	
23473	
17445	
25720	
21143	
22865	
12686	
17990	
11053	
20898	
31733	
33309	
31546	
19998	
1071	
34670	
24978	
3193	
8103	
36830	
34296	
17150	
31996	
7840	
16424	
12775	
30357	
2905	
37770	
6315	
29759	
33508	
31326	
37711	
20167	
26402	
9512	
15925	
15765	
8641	
6591	
20031	
39272	
18612	
18639	
5662	
32519	
18894	
32531	
7675	
23378	
12034	
38616	
25861	
7758	
25421	
22061	
5100	
30932	
31273	
27133	
19340	
38611	
35402	
23185	
18643	
22833	
20678	
22857	
39260	
10380	
31678	
350	
8364	
4033	
36447	
7147	
35478	
28992	
18585	
39240	
24769	
36535	
26038	
5512	
25417	
2864	
27672	
38842	
13685	
34370	
10989	
13744	
37989	
11490	
13713	
12197	
32215	
29231	
16463	
30883	
17774	
8607	
24785	
10900	
11081	
34086	
38834	
14452	
32398	
6273	
3129	
14706	
35866	
13301	
24310	
31463	
23242	
29446	
10048	
23484	
30840	
28998	
30	
5527	
38180	
19096	
30164	
9828	
28537	
28339	
8233	
32316	
6532	
4614	
23401	
22942	
11677	
32034	
11868	
1834	
27139	
22605	
6012	
4567	
33205	
4171	
36441	
25029	
13538	
29549	
6503	
17355	
12760	
27838	
9820	
37987	
38150	
6860	
30658	
14976	
24889	
24854	
14628	
32380	
17156	
30707	
3382	
16086	
2941	
17150	
25010	
39892	
22637	
9383	
30084	
4507	
2789	
15536	
15209	
18818	
20287	
11146	
33802	
30875	
12870	
802	
3629	
29909	
7772	
25732	
34475	
15369	
38944	
35623	
3021	
10313	
39823	
36809	
29903	
9091	
7547	
15353	
22187	
24319	
18847	
35615	
17883	
7255	
6323	
20482	
17104	
15490	
9231	
12018	
36692	
18344	
6031	
38400	
9219	
10854	
39941	
9225	
27666	
6609	
19840	
21225	
29359	
14558	
14105	
17586	
32727	
5350	
4425	
4608	
15777	
27692	
6289	
11793	
4076	
32211	
31628	
1285	
28697	
25994	
16426	
19516	
30750	
31801	
27922	
37917	
24823	
39939	
8102	
15999	
36204	
4998	
16590	
2280	
25619	
16614	
34463	
12326	
12911	
28438	
29895	
1200	
846	
35896	
21168	
33539	
27861	
34889	
12445	
11964	
25456	
4545	
39655	
15784	
1663	
4204	
15953	
8161	
38671	
22074	
27029	
35309	
12363	
1052	
14495	
7436	
13925	
643	
38211	
19926	
20494	
15312	
14658	
26800	
8676	
31895	
38381	
5649	
18567	
4295	
14276	
32169	
26422	
21805	
3989	
38153	
34670	
21096	
6690	
32687	
16558	
36310	
23409	
34291	
9105	
14630	
25990	
31285	
37945	
462	
9785	
9320	
13021	
15456	
22122	
36682	
34984	
19854	
8669	
18138	
27131	
4128	
21424	
38134	
12455	
23343	
13241	
6383	
5190	
8039	
46	
15031	
6275	
15144	
35948	
6942	
38167	
16335	
15991	
2471	
9877	
27041	
35280	
24594	
21216	
22524	
27273	
37646	
29314	
665	
30123	
34200	
24411	
2389	
28353	
497	
27723	
39313	
31251	
32379	
9858	
10435	
21424	
23549	
29001	
19530	
2814	
34037	
588	
12118	
18571	
20541	
2247	
1799	
19971	
37822	
31103	
19560	
3396	
32317	
37129	
36976	
21667	
3803	
13722	
36035	
12413	
25498	
25796	
16047	
32993	
13947	
38474	
39288	
3119	
31789	
2909	
15177	
30514	
9739	
4006	
18956	
19416	
37730	
11497	
10959	
34283	
15945	
25507	
1620	
33172	
16036	
4251	
20938	
1539	
35044	
16736	
2750	
19382	
9835	
36965	
14619	
22992	
2748	
7006	
7492	
22062	
31845	
31495	
12924	
30558	
29688	
30674	
34971	
6062	
3727	
23327	
16768	
14063	
5372	
9208	
34159	
23245	
34	
9654	
16636	
32955	
34890	
7323	
20581	
15754	
11465	
10270	
3161	
5512	
24469	
18217	
36628	
22434	
24434	
2032	
27680	
31328	
27280	
5096	
31057	
8047	
2397	
8465	
1255	
17729	
38640	
35907	
28351	
34950	
34711	
30294	
2523	
34584	
3122	
22243	
9503	
25546	
23388	
11497	
13248	
13688	
408	
39928	
24764	
1148	
16208	
32310	
25491	
14240	
23413	
38295	
28569	
32147	
15133	
28733	
21643	
37528	
9727	
12694	
36119	
38975	
8899	
22299	
18830	
37757	
7644	
36908	
16986	
20980	
12172	
34473	
12351	
9571	
16385	
19135	
24552	
12001	
6211	
17245	
34044	
14361	
34777	
24084	
31604	
8799	
3047	
10434	
14679	
38910	
32653	
15933	
175	
30202	
38922	
26662	
15174	
22991	
12158	
33460	
9421	
23695	
36913	
12914	
26536	
14122	
5584	
25658	
29965	
22476	
11279	
25318	
23347	
33515	
12712	
11071	
2126	
39216	
8962	
28226	
18418	
39776	
31121	
31786	
2783	
29505	
16611	
26036	
34499	
30184	
23640	
13264	
14915	
21683	
2672	
25865	
3473	
12705	
21261	
3710	
27404	
7429	
9896	
24403	
7079	
6432	
29873	
26665	
18972	
36449	
31122	
34499	
23667	
36184	
34254	
33862	
25805	
3033	
38970	
10827	
3374	
36571	
29460	
20104	
20679	
5364	
14936	
12821	
1925	
28255	
13922	
27193	
15130	
37674	
34841	
38678	
31779	
5533	
38579	
4870	
8125	
24374	
11479	
18938	
19790	
9664	
15556	
4504	
30986	
8652	
1566	
24447	
21726	
25018	
3051	
10880	
3928	
25928	
12790	
11794	
23825	
9250	
33154	
35972	
38971	
16427	
6838	
27412	
28726	
23432	
22939	
10866	
17480	
8196	
7293	
4268	
28579	
9602	
19307	
23029	
23057	
17569	
28394	
9483	
25617	
38485	
24029	
20059	
22443	
34309	
24048	
23081	
17821	
25580	
12354	
38477	
37374	
27267	
10308	
38203	
16256	
22056	
28096	
39629	
16928	
12202	
38969	
39355	
3575	
22962	
39522	
22305	
17093	
35297	
10668	
30923	
15335	
26024	
9312	
14081	
37622	
1462	
30436	
9152	
8500	
1433	
31540	
33177	
24154	
14821	
5151	
18258	
19304	
8263	
9369	
4519	
5943	
9403	
1595	
13399	
13816	
16292	
4985	
39001	
13783	
15108	
2973	
33187	
10832	
32520	
20757	
20973	
27455	
29750	
54	
464	
1344	
16223	
6220	
33459	
21165	
12327	
36283	
3655	
30669	
20415	
25088	
26677	
30384	
38962	
32220	
31717	
15299	
11873	
20080	
14995	
11918	
17428	
3944	
10542	
1492	
21760	
29118	
9864	
16424	
18042	
11453	
4214	
12156	
38850	
19341	
19647	
14082	
39678	
3784	
23637	
15090	
25418	
35971	
16598	
5493	
1376	
4749	
22897	
5719	
37026	
16822	
6041	
10457	
15175	
13963	
14963	
6827	
10425	
15663	
34470	
35413	
9180	
17813	
1905	
8717	
9037	
21927	
29194	
33591	
25362	
5014	
20046	
13310	
27423	
27312	
11646	
35186	
4969	
39959	
29780	
25828	
18842	
29015	
32086	
5509	
38258	
28061	
3670	
10669	
32581	
13118	
23471	
6718	
20605	
17668	
35012	
18293	
23424	
36937	
8285	
18623	
31549	
38117	
26938	
34351	
12147	
6733	
15645	
29695	
22224	
22821	
20616	
22556	
16086	
34793	
2755	
27507	
38927	
30886	
9404	
24903	
1125	
17864	
13620	
14573	
28239	
23212	
2477	
16379	
29055	
33947	
6789	
1147	
5266	
4775	
6973	
35516	
8214	
16303	
12942	
31973	
14859	
60	
21812	
25481	
16336	
5568	
26003	
13850	
21990	
4862	
17135	
29399	
16554	
2336	
30922	
20212	
39800	
1650	
2032	
17811	
1762	
2287	
11317	
12830	
34293	
23359	
30279	
21960	
14221	
839	
9895	
34512	
18519	
2761	
28759	
22580	
10220	
18640	
6340	
26663	
32436	
26282	
38981	
13433	
1259	
17046	
31146	
7366	
23904	
30641	
24273	
31290	
21368	
17015	
20861	
31955	
5268	
9559	
18744	
33932	
29172	
20786	
20888	
19374	
35439	
11918	
6904	
13443	
38409	
13770	
35066	
6915	
17383	
6101	
30451	
28856	
3287	
37948	
14224	
16808	
4541	
27535	
34943	
1565	
24788	
23364	
20834	
23384	
14172	
10089	
39121	
35668	
9817	
28262	
8066	
9536	
35808	
25235	
8892	
19997	
13949	
26899	
686	
13022	
4670	
33232	
36720	
13842	
16861	
23836	
27881	
24526	
10308	
35065	
12001	
26199	
24894	
36900	
18369	
17373	
26622	
22400	
13850	
37753	
18412	
15131	
13634	
12999	
37871	
19346	
16735	
30531	
1686	
34524	
37150	
15314	
39143	
34363	
5029	
39304	
23517	
38914	
33674	
14987	
4865	
35956	
35046	
25368	
35276	
29397	
34726	
7167	
12515	
36933	
27523	
19576	
27133	
24915	
5009	
11727	
22614	
14945	
8006	
38970	
256	
30879	
21640	
23507	
16539	
37913	
12274	
27374	
14518	
27882	
4500	
3846	
4170	
26934	
16855	
15694	
37002	
11876	
37929	
25686	
36994	
37648	
22150	
5240	
12992	
34441	
19528	
14522	
7157	
7696	
24123	
6153	
30231	
26840	
34202	
12917	
25702	
20693	
4151	
29288	
24226	
11201	
18630	
26019	
34571	
23604	
23403	
5494	
11642	
19076	
39931	
37936	
24811	
32745	
26349	
17056	
39733	
28884	
4918	
14617	
11666	
1876	
4619	
31533	
37351	
27293	
15614	
37285	
11491	
23662	
13304	
4599	
3701	
35656	
2246	
12685	
18677	
3739	
24870	
110	
39357	
15708	
9366	
39850	
7179	
31451	
15477	
34150	
9874	
4584	
8935	
19702	
3308	
14165	
4938	
22693	
11521	
32857	
12800	
39937	
8949	
36085	
25791	
23250	
20081	
27561	
18445	
9785	
15153	
24505	
33827	
33554	
5132	
18585	
6016	
38330	
22689	
4757	
34035	
28189	
14895	
31390	
13716	
25405	
6217	
15006	
2039	
27431	
32177	
29568	
3007	
778	
15159	
13685	
3824	
32467	
39389	
16572	
6411	
32689	
14541	
9229	
5865	
11141	
7087	
17265	
32150	
31151	
21841	
5819	
20651	
26940	
37054	
30885	
27740	
2772	
5999	
2238	
30657	
77	
31921	
13669	
35389	
19405	
28064	
27433	
13772	
38914	
36648	
15344	
20612	
8673	
23290	
392	
7605	
22998	
34313	
34998	
32576	
13718	
38891	
14041	
10248	
4409	
485	
8719	
31032	
13728	
23790	
13356	
6969	
37292	
33392	
26162	
37306	
12192	
8762	
25443	
27791	
33746	
16496	
20437	
38197	
35956	
5650	
30203	
35573	
39280	
12689	
15973	
26204	
8655	
29952	
3565	
35384	
35678	
3107	
24319	
19602	
21782	
10600	
2020	
33282	
10569	
30196	
32805	
11088	
19766	
603	
10656	
30088	
14782	
32986	
39491	
10576	
2254	
6511	
16352	
28489	
15588	
16338	
38985	
26758	
36664	
34612	
33037	
22908	
11748	
35488	
21870	
23980	
39537	
34560	
5863	
1528	
14663	
18015	
1548	
37034	
23733	
14503	
20827	
17506	
8323	
20872	
19712	
11960	
23161	
6867	
33712	
8477	
2155	
13507	
18310	
27153	
3941	
31574	
5687	
15871	
27325	
19115	
34964	
10850	
56	
20471	
35063	
86	
8261	
23026	
13569	
23248	
29566	
24187	
11981	
19182	
35231	
37257	
17927	
37869	
35744	
12711	
7517	
39296	
39773	
625	
18432	
22316	
23155	
26162	
29151	
4644	
7008	
7431	
15573	
17098	
14505	
9046	
32556	
22144	
19528	
14803	
22821	
14135	
28565	
35089	
33443	
25448	
665	
22371	
39203	
24893	
37839	
24221	
2108	
16101	
33752	
923	
34585	
5238	
33711	
9400	
35437	
10041	
9120	
37525	
9258	
33125	
34846	
7961	
1758	
3856	
2166	
35353	
9072	
29095	
32665	
18099	
38796	
27361	
27141	
138	
26992	
5772	
29323	
2038	
16200	
23067	
25915	
9833	
371	
25652	
8002	
13706	
10083	
20143	
17326	
2470	
9786	
1050	
38739	
39550	
23996	
27384	
36544	
21430	
18036	
32967	
18023	
14400	
24999	
19487	
29100	
22071	
2339	
28623	
8188	
14373	
38086	
11865	
23592	
28477	
10505	
30162	
25935	
13249	
182	
3378	
8173	
4333	
39600	
19211	
23638	
15710	
27553	
31296	
31946	
16521	
29668	
29611	
24533	
22691	
8508	
8783	
11596	
37137	
24587	
16107	
25623	
9365	
15844	
2051	
17699	
4639	
29613	
14958	
31303	
7498	
30765	
10287	
29550	
18254	
6025	
8676	
29898	
34302	
8735	
10232	
14037	
35728	
19678	
5338	
33122	
24149	
39566	
7604	
13208	
19949	
14831	
10821	
7317	
29254	
20179	
22500	
33938	
3895	
34257	
38145	
23474	
9186	
28707	
18112	
15261	
15559	
35573	
2290	
19915	
35602	
5532	
9165	
9248	
26773	
24944	
20038	
28429	
711	
36912	
7245	
3736	
23860	
29219	
11701	
19620	
33163	
15684	
29258	
34462	
28908	
4543	
11458	
25937	
8177	
26271	
35148	
37082	
1058	
27476	
36554	
13683	
22641	
23832	
37619	
10156	
4140	
31560	
23373	
29679	
29719	
12640	
24688	
36232	
39007	
2603	
9970	
18116	
28944	
30467	
11954	
10574	
24124	
16322	
28719	
34281	
38419	
2604	
23407	
35834	
20703	
30197	
20441	
35800	
25053	
16365	
36277	
4619	
17551	
29332	
28473	
22602	
21583	
2331	
2011	
11943	
10062	
26971	
17776	
11206	
3140	
10989	
5412	
7540	
4340	
1607	
13060	
4198	
36152	
11733	
4536	
37774	
15295	
21912	
10399	
36307	
375	
13229	
6065	
31592	
26463	
26157	
35394	
29192	
19140	
14004	
19697	
11078	
14129	
13559	
23114	
23540	
6921	
7993	
15997	
18373	
11196	
27180	
2869	
6557	
7548	
16608	
28049	
33238	
577	
10863	
26344	
27031	
34328	
9668	
1646	
1034	
2653	
27389	
25079	
11587	
10683	
20349	
24282	
13367	
38248	
32107	
17204	
38592	
5763	
25404	
28776	
682	
8727	
11703	
14993	
1160	
34472	
11297	
15847	
17429	
18777	
36288	
24706	
21365	
31126	
3260	
12326	
29068	
34543	
25892	
37193	
17711	
9027	
18188	
10324	
380	
12627	
27715	
36033	
195	
27208	
15307	
33668	
29274	
39135	
5809	
2646	
14722	
35783	
17183	
33793	
16906	
14779	
6044	
24849	
6313	
15665	
8354	
27728	
21657	
36275	
19959	
9032	
5815	
19896	
9743	
25197	
10679	
34070	
11005	
7472	
39006	
6568	
26348	
7631	
23399	
33552	
1727	
25910	
28576	
32131	
465	
4623	
32681	
8770	
15883	
35245	
11549	
16732	
15802	
36063	
5423	
18862	
29449	
39313	
739	
35918	
24280	
21587	
38678	
879	
27752	
13168	
17124	
15867	
2543	
14604	
14218	
23957	
31416	
30905	
30852	
4442	
21864	
32672	
5509	
10351	
25254	
11565	
34392	
32483	
6209	
5387	
26567	
19014	
10876	
19002	
19872	
28196	
22979	
2234	
33912	
37142	
9727	
7904	
19058	
29340	
25528	
3505	
19583	
6417	
33162	
13219	
27985	
914	
4204	
31621	
26271	
13994	
29162	
10180	
9325	
17210	
13515	
20458	
3925	
17693	
22382	
35433	
28636	
27209	
12743	
22796	
30553	
9464	
33463	
2406	
5002	
6056	
21364	
21977	
25465	
37045	
16705	
38172	
29043	
37898	
28844	
5912	
21387	
32887	
22077	
3562	
9783	
2278	
29483	
4611	
14142	
34359	
13598	
13811	
34995	
26726	
34567	
9357	
21287	
15568	
22778	
8327	
26373	
17298	
38152	
25012	
38729	
35571	
38542	
27540	
13502	
30754	
2332	
14958	
22364	
6560	
29644	
39871	
21383	
11799	
711	
27457	
39568	
35176	
8806	
31783	
14312	
27057	
699	
22179	
3133	
18989	
30077	
21479	
10067	
2472	
37626	
8802	
10549	
11800	
33745	
2923	
15767	
9696	
24390	
8111	
11646	
18680	
25	
2871	
35055	
35254	
26884	
7929	
39748	
28132	
21717	
19382	
31988	
32990	
8965	
8373	
19038	
5225	
31702	
34205	
19520	
38984	
1224	
17009	
2100	
4099	
21990	
27137	
37659	
2490	
23946	
16120	
35945	
6254	
33838	
4820	
29986	
11283	
8072	
2652	
10113	
12239	
24931	
12063	
23662	
13179	
37129	
16705	
11551	
27223	
22041	
36876	
941	
13355	
3103	
31246	
21705	
31075	
34935	
7108	
30149	
34636	
23793	
23977	
37609	
16664	
25220	
22619	
2999	
5380	
17125	
3614	
352	
27950	
33800	
30809	
14312	
18613	
24797	
609	
19922	
2093	
36306	
22842	
15204	
29764	
184	
15071	
19592	
37867	
12761	
19889	
37907	
16800	
6294	
4573	
6106	
28794	
17823	
22203	
22553	
17634	
24246	
38721	
14531	
37894	
10716	
39697	
32038	
9249	
16625	
684	
5448	
38205	
6165	
25212	
21598	
33982	
24900	
14758	
7826	
10782	
38370	
39560	
5718	
11708	
26210	
9197	
30752	
15643	
28115	
28674	
25336	
15708	
26968	
13542	
37176	
16402	
32154	
14464	
33886	
24928	
10388	
14786	
32365	
13241	
39517	
39446	
13735	
9977	
28410	
38667	
28819	
38433	
38457	
12263	
10668	
38701	
35397	
13365	
9526	
12114	
16030	
33671	
39514	
4975	
2715	
23628	
29064	
22202	
22558	
9317	
10623	
6491	
33133	
34000	
37495	
4212	
17373	
32418	
38142	
25926	
31010	
11786	
24651	
540	
7531	
8790	
8835	
6015	
2129	
10489	
20078	
19215	
39833	
27561	
13178	
11500	
25346	
568	
12315	
8308	
18164	
12349	
35656	
18765	
38972	
35033	
21121	
24210	
28469	
39406	
1747	
34714	
29356	
18278	
31382	
22870	
13274	
2592	
20070	
39367	
37739	
37700	
26830	
22045	
458	
1536	
17998	
2624	
18619	
15431	
10994	
16088	
29625	
3726	
22470	
14330	
34137	
16836	
19005	
2389	
20285	
14778	
29334	
21974	
16524	
5593	
31466	
34595	
10853	
20069	
31393	
14050	
16457	
30079	
36481	
27887	
12378	
7979	
38129	
1576	
8539	
38243	
8177	
20257	
30159	
17204	
34935	
27378	
11690	
29495	
21471	
3454	
19838	
38598	
22317	
2396	
29246	
36720	
32489	
29935	
16259	
35849	
34463	
13767	
32129	
21178	
4766	
31397	
2653	
11678	
34888	
26247	
24277	
823	
10803	
15632	
21214	
30498	
16013	
38523	
5316	
6484	
11297	
26653	
3249	
29090	
31520	
37850	
29386	
18341	
16982	
14172	
22506	
19332	
3698	
1407	
19345	
10657	
36075	
3627	
18111	
35358	
38538	
3713	
21531	
1308	
4087	
29834	
36774	
30479	
7675	
31983	
10857	
39988	
622	
39064	
6066	
133	
10308	
11767	
9959	
4802	
6180	
35606	
246	
36061	
8364	
1924	
4497	
36903	
8925	
28811	
326	
9470	
23442	
26817	
10403	
34979	
37490	
34674	
25432	
35708	
20719	
28814	
20544	
21957	
31935	
15939	
31561	
35879	
20287	
26685	
38934	
26627	
21106	
31144	
37654	
20763	
7946	
1478	
824	
1224	
14770	
22709	
14280	
34664	
27394	
38518	
39093	
13527	
29341	
14842	
33092	
18835	
1563	
37882	
26597	
1411	
36644	
38589	
25315	
34552	
8552	
20260	
36144	
10234	
20180	
26505	
4525	
6201	
15150	
23278	
27638	
7568	
39453	
16916	
16405	
10359	
23576	
2477	
31676	
31077	
12807	
22256	
22419	
1440	
39646	
19296	
39342	
6146	
25453	
38998	
23320	
15485	
33779	
35840	
3142	
9891	
9952	
29910	
36822	
30724	
26875	
35152	
36783	
12581	
5006	
12462	
12505	
2850	
30184	
2108	
10839	
31532	
13435	
17779	
5060	
20486	
35268	
16902	
9677	
14392	
3705	
1856	
8481	
20252	
17227	
22212	
11731	
30391	
34529	
36082	
6063	
11508	
7987	
3722	
27029	
12286	
3126	
22547	
28779	
589	
15990	
32586	
7281	
24262	
16148	
15354	
12605	
10409	
30210	
25708	
14574	
34882	
16075	
18037	
21248	
1377	
25698	
19806	
36207	
24557	
35228	
13905	
12188	
32364	
9323	
896	
33016	
39352	
23960	
38699	
14058	
8877	
17874	
18129	
28070	
17329	
1010	
8381	
24437	
24007	
5510	
26834	
6280	
16228	
22785	
23233	
22755	
23001	
20857	
17929	
3060	
33036	
11205	
24087	
30626	
28342	
539	
560	
23602	
31519	
32103	
37042	
19083	
35322	
20352	
25558	
22487	
34109	
24755	
24357	
14409	
11403	
19451	
14821	
30486	
2825	
18680	
32017	
21269	
13066	
23274	
24771	
37367	
37220	
18857	
34618	
16791	
37097	
32795	
9996	
19845	
7279	
25356	
29301	
18356	
24284	
1225	
28102	
13866	
27427	
21996	
16958	
26848	
244	
13701	
19030	
29201	
2765	
16209	
34262	
7173	
18981	
32635	
16302	
7323	
9812	
17142	
31626	
2059	
33753	
6296	
12437	
30820	
10304	
25520	
37786	
9446	
17338	
26621	
32064	
29896	
24731	
16093	
7113	
30610	
16988	
22621	
9479	
29364	
7011	
37951	
33850	
440	
23698	
21051	
18894	
39673	
17710	
14975	
15603	
1	
28559	
26029	
13848	
4437	
1709	
19363	
13453	
28642	
16564	
10318	
17376	
21721	
32099	
25251	
31270	
23584	
22724	
14573	
39578	
35581	
12241	
37264	
1454	
30011	
20873	
4792	
13938	
16401	
29289	
9138	
18745	
4929	
19149	
27972	
30146	
10443	
21019	
19669	
7788	
22353	
31096	
2000	
16795	
36448	
1581	
26462	
1556	
20419	
38981	
19387	
25311	
1157	
24063	
12052	
220	
29273	
28761	
16163	
19756	
30918	
9363	
28525	
39841	
5081	
32501	
28884	
18937	
10242	
5043	
25067	
22918	
13708	
5749	
18764	
24899	
3927	
33946	
11847	
12729	
36426	
3566	
9274	
18744	
39090	
10337	
27749	
11475	
2550	
10556	
2341	
37527	
4144	
33353	
23405	
21665	
2433	
12787	
24915	
5518	
9039	
17212	
8089	
1280	
28004	
31742	
5204	
34470	
30420	
30320	
17460	
37692	
4141	
5218	
22431	
11917	
37711	
31021	
17710	
32836	
17183	
24275	
6565	
24834	
30557	
28592	
32473	
11462	
11375	
11072	
11377	
23819	
36304	
39797	
27445	
34178	
37728	
37338	
11245	
7341	
3893	
2407	
38318	
8284	
22465	
29687	
657	
4335	
12184	
33974	
37010	
22029	
12006	
28694	
13403	
19481	
5405	
21324	
20483	
4809	
22063	
23019	
36218	
34935	
6375	
24310	
16520	
19551	
9157	
39517	
32011	
18795	
22705	
34915	
37454	
38953	
19177	
3743	
34504	
9618	
36209	
12343	
22796	
21311	
21480	
35418	
16906	
15232	
1081	
23999	
21799	
381	
7037	
33404	
37731	
11377	
38166	
25804	
11632	
16388	
21832	
19589	
33279	
21446	
13741	
12434	
33174	
16937	
25437	
117	
4454	
14937	
22909	
3513	
13263	
34809	
37900	
31656	
30844	
9435	
14812	
9649	
2158	
16400	
16979	