12
723   789
243   943
965   483
814   461
546   525
935   947
970   346
377   754
447   246
919   215
273   594
825    92
495   465
522   419
870    30
743   314
059   623
106   994
510   492
580   306
431   918
237   724
971   735
133   857
179   641
924   263
368   116
812   864
680   182
283   232
696    57
549   467
652   725
588   942
851    79
626   134
578   370
869   711
409   226
683   843
863   736
670   296
231   999
327     8
991   265
 61   776
528   329
801   605
541   710
453   545
251   112
439   809
 36   286
659   183
555   853
388   742
441   729
 15    95
317    43
458   324
967    10
686   404
280   619
145   523
894   738
694   574
615   805
 90   159
219    20
953     5
972   508
  0    45
671   859
878    82
761   872
175   786
253   620
650   682
631   755
674   276
70   349
890   139
130   322
1000   785
18   146
201   903
500   358
210  21
352 762
715 698
118 446
530 691
 75 151
257 429
995 732
653 340
396 531
252 310
490 977
933 944
